1658132911.496616 0.0000000 0.0000000 0.0000000 0.0000000 0.0000000 0.0000000 1.0000000
1658132911.799815 -0.0029716 -0.0003384 -0.0464067 -0.0005042 0.0049504 -0.0017824 0.9999861
1658132913.399201 -0.0067130 0.0033263 -0.1829033 0.0006799 -0.0039646 -0.0025966 0.9999886
1658132914.396859 -0.0044310 0.0071690 -0.1789869 -0.0090259 0.0027168 -0.0016456 0.9999542
1658132915.199791 -0.0021669 0.0077566 -0.1802852 -0.0040924 0.0007408 -0.0006024 0.9999912
1658132915.998014 -0.0007113 0.0078576 -0.1816736 -0.0044080 -0.0004115 -0.0016746 0.9999888
1658132916.898246 0.0017269 0.0069564 -0.1837082 -0.0019622 0.0097169 -0.0259558 0.9996139
1658132917.396290 0.0010327 0.0065290 -0.1846620 0.0000292 0.0074228 -0.0292384 0.9995449
1658132918.496371 -0.0069263 0.0063637 -0.2510698 -0.0020338 0.0277815 -0.0376430 0.9989029
1658132919.198744 -0.0257692 0.0088526 -0.3848355 -0.0042841 0.0186688 -0.0340684 0.9992359
1658132919.898278 -0.0499434 0.0101455 -0.5284307 0.0017063 0.0195369 -0.0275268 0.9994287
1658132920.696966 -0.0778108 0.0100692 -0.6823342 0.0037573 0.0183073 -0.0287490 0.9994119
1658132921.496981 -0.1077183 0.0085805 -0.8333513 0.0125788 0.0102744 -0.0273516 0.9994939
1658132922.295341 -0.1376496 0.0086562 -0.9830556 0.0106640 0.0082577 -0.0301454 0.9994546
1658132923.099065 -0.1635854 0.0096683 -1.1328526 0.0149096 0.0124534 -0.0277362 0.9994265
1658132923.998548 -0.1908248 0.0112157 -1.3001841 0.0172741 0.0135382 -0.0285235 0.9993522
1658132924.797664 -0.2152103 0.0140180 -1.4489105 0.0155415 0.0137645 -0.0286583 0.9993737
1658132925.596291 -0.2396156 0.0181334 -1.5972947 0.0133262 0.0162238 -0.0295580 0.9993426
1658132926.496445 -0.2674941 0.0227301 -1.7647841 0.0133336 0.0129604 -0.0290996 0.9994035
1658132927.395707 -0.2960255 0.0263352 -1.9316238 0.0148264 0.0118342 -0.0290159 0.9993989
1658132928.395547 -0.3266770 0.0303346 -2.1171758 0.0139658 0.0149519 -0.0286838 0.9993791
1658132929.396554 -0.3558247 0.0356265 -2.3017552 0.0108346 0.0176204 -0.0299502 0.9993373
1658132930.395551 -0.3868127 0.0390945 -2.4869950 0.0099726 0.0185104 -0.0292250 0.9993517
1658132931.295105 -0.4140128 0.0410265 -2.6540942 0.0173693 0.0177940 -0.0289763 0.9992708
1658132932.199008 -0.4416642 0.0439351 -2.8213108 0.0137680 0.0160972 -0.0302723 0.9993172
1658132933.199251 -0.4711305 0.0475185 -3.0070021 0.0130512 0.0198779 -0.0289610 0.9992976
1658132934.198611 -0.5018755 0.0502789 -3.1924274 0.0143065 0.0184682 -0.0291090 0.9993032
1658132936.198355 -0.5661107 0.0573739 -3.5625305 0.0129347 0.0164139 -0.0307179 0.9993096
1658132937.198153 -0.5962710 0.0611060 -3.7490668 0.0124230 0.0197664 -0.0297782 0.9992839
1658132938.295258 -0.6303779 0.0640096 -3.9493146 0.0154546 0.0118363 -0.0287055 0.9993984
1658132940.496119 -0.6398444 0.0699351 -4.0319099 0.0202304 0.0453236 0.1318150 0.9900309
1658132960.293854 -0.7227969 0.0455669 -4.0204916 0.0162920 0.0216679 0.1266628 0.9915753
1658132969.394698 -0.7263914 0.0424487 -4.0170879 0.0229729 0.0133308 0.1273847 0.9914977
1658132971.696129 -0.7552695 0.0321497 -3.9772820 0.0154220 0.0142217 0.1283804 0.9915031
1658132972.796252 -0.7696440 0.0427733 -4.0015216 0.0022165 0.1269967 0.1287493 0.9835093
1658132973.995982 -0.9594829 -0.0031545 -3.9988208 0.0110563 0.0569363 0.1228901 0.9907240
1658132975.197258 -1.2839166 -0.0784341 -4.0016093 -0.0014479 0.0962484 0.1265297 0.9872813
1658132976.393991 -1.6849285 -0.1721673 -4.0019855 -0.0037249 0.1067140 0.1279207 0.9860196
1658132977.695086 -2.2074680 -0.3016332 -3.9990573 0.0044996 0.0899404 0.1257322 0.9879686
1658132978.996899 -2.8016548 -0.4479011 -4.0005622 -0.0012520 0.1020538 0.1227089 0.9871808
1658132980.293249 -3.4414318 -0.6023391 -4.0012364 0.0010829 0.0658909 0.1206703 0.9905028
1658132981.594716 -4.0773377 -0.7549443 -4.0023670 -0.0035143 0.0697870 0.1217889 0.9900934
1658132982.895648 -4.7029691 -0.9033329 -4.0123501 0.0042670 0.0671847 0.1228036 0.9901451
1658132984.197151 -5.3278432 -1.0629750 -4.0121965 -0.0051613 0.0739168 0.1251863 0.9893625
1658132985.394275 -5.9023118 -1.2201608 -4.0144777 0.0052948 0.0708551 0.1292412 0.9890643
1658132986.695853 -6.5268879 -1.3766046 -4.0288520 0.0026708 0.0654012 0.1277877 0.9896393
1658132988.196680 -7.2408962 -1.5480690 -4.0436640 0.0009554 0.0719747 0.1310338 0.9887612
1658132989.493515 -7.8624167 -1.6987391 -4.0496063 0.0037078 0.0712203 0.1344933 0.9883448
1658132990.595912 -8.3925381 -1.8286670 -4.0571222 0.0063707 0.0675848 0.1288965 0.9893318
1658132991.695144 -8.9238873 -1.9563462 -4.0635176 0.0083464 0.0599062 0.1269826 0.9900591
1658132992.594622 -9.3568211 -2.0597625 -4.0684495 0.0052086 0.0626369 0.1265700 0.9899644
1658132993.795510 -9.9336348 -2.1955981 -4.0747671 0.0046985 0.0641357 0.1261909 0.9899194
1658132994.594406 -10.3166409 -2.2865899 -4.0800109 0.0062044 0.0635489 0.1257354 0.9900069
1658132995.393321 -10.7002506 -2.3782380 -4.0870814 0.0025071 0.0649955 0.1261930 0.9898710
1658132996.197050 -11.0864363 -2.4698188 -4.0920277 0.0029665 0.0610636 0.1261174 0.9901297
1658132996.895122 -11.4220495 -2.5501733 -4.0969343 -0.0022033 0.0576100 0.1264893 0.9902912
1658132997.694318 -11.8049202 -2.6406567 -4.1023870 0.0040554 0.0654322 0.1272742 0.9896987
1658132998.494153 -12.1866684 -2.7363832 -4.1085730 0.0048786 0.0627008 0.1280833 0.9897674
1658132999.393957 -12.6156454 -2.8360972 -4.1175508 0.0032861 0.0763140 0.1251352 0.9891949
1658133000.393481 -13.0944986 -2.9522469 -4.1261587 -0.0024736 0.0691302 0.1223416 0.9900745
1658133001.292915 -13.5277052 -3.0591471 -4.1317072 -0.0381864 0.0641720 0.1306166 0.9886168
1658133002.196213 -13.9547424 -3.1938992 -4.1394920 -0.0831173 0.0504541 0.1836251 0.9781757
1658133002.995374 -14.3086624 -3.3673408 -4.1464133 -0.1083140 0.0345470 0.2606598 0.9587132
1658133003.895171 -14.6582508 -3.6428568 -4.1537237 -0.1160473 0.0119390 0.3633248 0.9243298
1658133004.693713 -14.9125099 -3.9534171 -4.1591716 -0.1099171 0.0012158 0.4522790 0.8850765
1658133005.493674 -15.1021948 -4.3104663 -4.1648045 -0.1129170 -0.0133816 0.5336601 0.8380201
1658133006.393368 -15.2283535 -4.7503495 -4.1680617 -0.1038490 -0.0388121 0.6226563 0.7746019
1658133007.095648 -15.2571287 -5.1062822 -4.1711721 -0.0971378 -0.0397120 0.6837146 0.7221645
1658133008.095606 -15.2062025 -5.6124029 -4.1742764 -0.0700477 -0.0310651 0.7536001 0.6528516
1658133008.894275 -15.1135616 -6.0076084 -4.1774163 -0.0352234 0.0034850 0.7824403 0.6217188
1658133009.793912 -14.9952307 -6.4478631 -4.1799917 -0.0244966 0.0120492 0.7863634 0.6171608
1658133010.794725 -14.8704796 -6.9326501 -4.1846442 -0.0276275 0.0161861 0.7847408 0.6189964
1658133011.794627 -14.7540359 -7.4145999 -4.1879778 -0.0314780 0.0126715 0.7855710 0.6178403
1658133012.794643 -14.6419973 -7.8927131 -4.1921124 -0.0358388 0.0192344 0.7846421 0.6186133
1658133013.794434 -14.5329628 -8.3699017 -4.1955724 -0.0396764 0.0170048 0.7858922 0.6168550
1658133014.793969 -14.4222822 -8.8542290 -4.1993818 -0.0357109 0.0168755 0.7850339 0.6181924
1658133015.793863 -14.3092098 -9.3381081 -4.2038221 -0.0318623 0.0171238 0.7843041 0.6193210
1658133016.895405 -14.1873922 -9.8735247 -4.2103553 -0.0323468 0.0166045 0.7858967 0.6172879
1658133017.895224 -14.0781937 -10.3579311 -4.2158904 -0.0340700 0.0158439 0.7842114 0.6193551
1658133018.995054 -13.9567966 -10.8911314 -4.2227173 -0.0375654 0.0182970 0.7851284 0.6179219
1658133020.095013 -13.8354998 -11.4197397 -4.2273378 -0.0297122 0.0156532 0.7866207 0.6165225
1658133020.994563 -13.7353725 -11.8563375 -4.2336531 -0.0376239 0.0207070 0.7845220 0.6186121
1658133021.995136 -13.6254206 -12.3454885 -4.2406359 -0.0278999 0.0141398 0.7845637 0.6192588
1658133022.894740 -13.5268173 -12.7794695 -4.2475333 -0.0358051 0.0188442 0.7853401 0.6177409
1658133023.794945 -13.4271622 -13.2135296 -4.2536874 -0.0359221 0.0198330 0.7854703 0.6175376
1658133024.693663 -13.3277044 -13.6516304 -4.2605205 -0.0278108 0.0115902 0.7842156 0.6197565
1658133025.593692 -13.2287216 -14.0883665 -4.2684040 -0.0298073 0.0133804 0.7840952 0.6197799
1658133026.494500 -13.1302357 -14.5273762 -4.2743645 -0.0171349 0.0022437 0.7853289 0.6188374
1658133027.494543 -13.0205097 -15.0133915 -4.2846060 -0.0287282 0.0097354 0.7831255 0.6211235
1658133028.493561 -12.9096851 -15.4982481 -4.2919536 -0.0293293 0.0105101 0.7833777 0.6207646
1658133029.394228 -12.8093472 -15.9337311 -4.2989783 -0.0291070 0.0115832 0.7847353 0.6190389
1658133030.291159 -12.7081566 -16.3716621 -4.3063254 -0.0278447 0.0099269 0.7854290 0.6182454
1658133031.196972 -12.6059008 -16.8132019 -4.3139529 -0.0250499 0.0095147 0.7856095 0.6181422
1658133032.194987 -12.4954739 -17.2973728 -4.3216143 -0.0253397 0.0117110 0.7849993 0.6188673
1658133033.094673 -12.3962498 -17.7349224 -4.3302102 -0.0201687 0.0104735 0.7859562 0.6178644
1658133033.993836 -12.2986164 -18.1685104 -4.3389606 -0.0251762 0.0102584 0.7851005 0.6187716
1658133034.993871 -12.1879444 -18.6594219 -4.3506856 -0.0211520 0.0109057 0.7848591 0.6192172
1658133035.994808 -12.0792704 -19.1372490 -4.3609958 -0.0309558 0.0136430 0.7841981 0.6195877
1658133036.994388 -11.9681034 -19.6239986 -4.3712864 -0.0224828 0.0077151 0.7844828 0.6196948
1658133037.994251 -11.8580933 -20.1085110 -4.3825145 -0.0224454 0.0081796 0.7846761 0.6194455
1658133038.893582 -11.7557535 -20.5579166 -4.3946228 -0.0204515 0.0075352 0.7842755 0.6200297
1658133040.094021 -11.6270933 -21.1239357 -4.4050150 -0.0271493 0.0076613 0.7850749 0.6187581
1658133041.093881 -11.5135260 -21.6311359 -4.4202681 -0.0279852 0.0081798 0.7863464 0.6170974
1658133042.194994 -11.3909492 -22.1660595 -4.4322767 -0.0220101 0.0046398 0.7843546 0.6199048
1658133043.194886 -11.2809229 -22.6517334 -4.4445019 -0.0211392 0.0070831 0.7841848 0.6201267
1658133044.194613 -11.1713572 -23.1358852 -4.4567780 -0.0217875 0.0062555 0.7848659 0.6192510
1658133045.095951 -11.0720415 -23.5703144 -4.4687796 -0.0203811 0.0104677 0.7855232 0.6184079
1658133046.094510 -10.9610109 -24.0550995 -4.4814010 -0.0234941 0.0112133 0.7854514 0.6183756
1658133046.993377 -10.8615561 -24.4935913 -4.4939365 -0.0243637 0.0084419 0.7808223 0.6242208
1658133047.994987 -10.7489910 -24.9802113 -4.5064564 -0.0164841 0.0078871 0.7857281 0.6183020
1658133048.893487 -10.6494446 -25.4214344 -4.5185733 -0.0255990 0.0004781 0.7864950 0.6170657
1658133049.893528 -10.5418329 -25.9070549 -4.5316682 -0.0198908 -0.0081170 0.7857252 0.6182026
1658133050.794786 -10.4469833 -26.3412380 -4.5452685 -0.0270131 -0.0080559 0.7856435 0.6180369
1658133051.692217 -10.3489523 -26.7782249 -4.5595489 -0.0260861 -0.0135814 0.7838404 0.6202655
1658133052.693780 -10.2379875 -27.2608795 -4.5773568 -0.0392272 0.0055749 0.7830927 0.6206415
1658133053.591982 -10.1360025 -27.6972809 -4.5893707 -0.0238882 -0.0034803 0.7852448 0.6187147
1658133054.593640 -10.0241165 -28.1797523 -4.6069245 -0.0205254 0.0026957 0.7804027 0.6249344
1658133055.491714 -9.9249229 -28.6116982 -4.6192961 -0.0182500 -0.0013258 0.7793625 0.6263061
1658133056.491540 -9.8109541 -29.1048717 -4.6346340 -0.0247429 -0.0042796 0.7845756 0.6195245
1658133057.390773 -9.7015867 -29.5616360 -4.6491466 -0.0095347 -0.0033901 0.7873527 0.6164197
1658133058.391895 -9.5908775 -30.0437355 -4.6666336 -0.0228820 0.0025732 0.7854487 0.6184982
1658133059.289949 -9.4924126 -30.4759159 -4.6819983 -0.0115381 0.0081484 0.7813208 0.6239699
1658133060.289964 -9.3827658 -30.9571438 -4.6973133 -0.0134315 -0.0002964 0.7850046 0.6193444
1658133061.194649 -9.2715693 -31.4189568 -4.7145100 -0.0170288 0.0075285 0.7817790 0.6232776
1658133062.194313 -9.1646929 -31.9044018 -4.7324414 -0.0161177 0.0000575 0.7834727 0.6212172
1658133063.193860 -9.0581369 -32.3919411 -4.7498937 -0.0132265 -0.0070816 0.7873933 0.6162683
1658133064.194007 -8.9506512 -32.8826027 -4.7693548 -0.0166379 -0.0101824 0.7888689 0.6142519
1658133065.193511 -8.8431139 -33.3692055 -4.7887950 -0.0093765 -0.0108902 0.7867833 0.6170620
1658133066.194008 -8.7331314 -33.8551598 -4.8078928 -0.0138698 -0.0177331 0.7868470 0.6167374
1658133067.193959 -8.6230612 -34.3412590 -4.8278069 -0.0099760 -0.0115686 0.7846450 0.6197571
1658133068.194130 -8.5127602 -34.8246918 -4.8469653 -0.0076935 -0.0077650 0.7850119 0.6193842
1658133069.193615 -8.4126310 -35.3441162 -4.8736281 0.0012331 -0.0133151 0.7820001 0.6231349
1658133070.095341 -8.3183832 -35.7784653 -4.8914461 -0.0119221 -0.0227542 0.7842038 0.6199713
1658133071.092975 -8.2092810 -36.2582703 -4.9122729 -0.0085032 -0.0068153 0.7812712 0.6240966
1658133072.093307 -8.1008282 -36.7334213 -4.9312348 -0.0080392 -0.0060208 0.7869906 0.6168832
1658133073.092530 -7.9869261 -37.1925163 -4.9469366 -0.0111070 -0.0084480 0.7836002 0.6211087
1658133074.093711 -7.8815079 -37.6734581 -4.9658289 -0.0212218 -0.0178810 0.7847371 0.6192072
1658133075.193511 -7.7653813 -38.2029152 -4.9893665 -0.0298326 -0.0050591 0.7826640 0.6217086
1658133076.193485 -7.6543965 -38.6889763 -5.0103126 -0.0207299 -0.0059779 0.7852391 0.6188167
1658133077.193178 -7.5406942 -39.1732025 -5.0321765 -0.0157691 -0.0050342 0.7850003 0.6192741
1658133078.389774 -7.4119158 -39.7677803 -5.0620947 -0.0105730 -0.0027625 0.7841268 0.6205044
1658133079.390626 -7.3008838 -40.2522888 -5.0846419 -0.0211252 -0.0026995 0.7841544 0.6202003
1658133080.289219 -7.2010765 -40.6889725 -5.1047029 -0.0088964 -0.0004957 0.7860759 0.6180657
1658133081.289413 -7.0900455 -41.1750412 -5.1263413 -0.0024410 -0.0080176 0.7850846 0.6193318
1658133082.490358 -6.9582076 -41.7538414 -5.1542363 -0.0068576 0.0018784 0.7859755 0.6182168
1658133083.490254 -6.8479991 -42.2370186 -5.1761971 -0.0095963 0.0017409 0.7852644 0.6190837
1658133084.389672 -6.7512064 -42.6734734 -5.1961837 -0.0135552 -0.0023842 0.7839104 0.6207215
1658133085.389980 -6.6450868 -43.1586075 -5.2192631 -0.0103376 -0.0067223 0.7838697 0.6208029
1658133086.392206 -6.5401030 -43.6439476 -5.2437186 -0.0123347 -0.0119963 0.7847373 0.6195896
1658133087.390660 -6.4320111 -44.1252747 -5.2682705 -0.0143859 -0.0074032 0.7847384 0.6196159
1658133088.390684 -6.3241982 -44.6067276 -5.2913132 -0.0180339 -0.0072440 0.7834734 0.6211213
1658133089.392094 -6.2184000 -45.0905952 -5.3143864 -0.0156658 -0.0123004 0.7841520 0.6202491
1658133090.389742 -6.1104584 -45.5740013 -5.3389854 -0.0150877 -0.0155296 0.7845306 0.6197119
1658133091.389244 -6.0002246 -46.0572701 -5.3641081 -0.0033220 -0.0097417 0.7839055 0.6207948
1658133092.288984 -5.9020305 -46.4891052 -5.3874273 -0.0172923 -0.0079183 0.7834120 0.6212115
1658133093.290658 -5.7950935 -46.9710541 -5.4125862 -0.0155959 -0.0131487 0.7837683 0.6207182
1658133094.289284 -5.6876898 -47.4533272 -5.4378929 -0.0193038 -0.0140347 0.7812589 0.6237507
1658133095.288986 -5.5822544 -47.9339714 -5.4647889 -0.0232265 -0.0148753 0.7857288 0.6179559
1658133096.288481 -5.4743543 -48.4140739 -5.4909191 -0.0228056 -0.0095403 0.7822784 0.6224384
1658133097.288439 -5.3638287 -48.9006004 -5.5175281 -0.0193906 -0.0065444 0.7838922 0.6205596
1658133098.288615 -5.2498884 -49.3894196 -5.5430760 0.0020761 -0.0192262 0.7810324 0.6241910
1658133099.490726 -5.1183882 -49.9712982 -5.5760064 -0.0153900 -0.0106630 0.7828817 0.6218888
1658133100.489335 -5.0061841 -50.4572678 -5.6014962 -0.0102996 -0.0133595 0.7856504 0.6184407
1658133101.490423 -4.8960361 -50.9425011 -5.6278610 -0.0009673 -0.0170193 0.7843595 0.6200723
1658133102.589934 -4.7807651 -51.4672813 -5.6594892 -0.0268733 -0.0067819 0.7836606 0.6205706
1658133103.589658 -4.6760025 -51.9433250 -5.6873789 -0.0286782 -0.0102216 0.7839628 0.6200607
1658133104.589486 -4.5699830 -52.4204788 -5.7174096 -0.0335264 -0.0024777 0.7824019 0.6218658
1658133105.590504 -4.4631810 -52.9013863 -5.7455854 -0.0366204 -0.0043043 0.7830577 0.6208550
1658133106.590176 -4.3478217 -53.3852539 -5.7709727 -0.0508108 -0.0543229 0.7915579 0.6065504
1658133107.590062 -4.1830153 -53.8529739 -5.7990451 -0.0856573 -0.0889211 0.8324429 0.5401802
1658133108.590865 -3.9243054 -54.2774048 -5.8237362 -0.0840911 -0.1172828 0.8825767 0.4474727
1658133109.589585 -3.5658824 -54.6315193 -5.8450398 -0.0781254 -0.1271373 0.9260725 0.3465866
1658133110.488942 -3.1793182 -54.8735924 -5.8601360 -0.0706231 -0.1353546 0.9559255 0.2507947
1658133111.389208 -2.7499857 -55.0319176 -5.8681607 -0.0522209 -0.1509266 0.9756675 0.1502232
1658133112.491723 -2.1975782 -55.0994797 -5.8724551 -0.0570544 -0.1422023 0.9876531 0.0326293
1658133113.590089 -1.6428826 -55.0498161 -5.8719697 -0.0551469 -0.1084542 0.9905219 -0.0637403
1658133114.489159 -1.1972690 -54.9625168 -5.8675642 -0.0561510 -0.0642486 0.9927235 -0.0849658
1658133115.489113 -0.7072309 -54.8555412 -5.8574953 -0.0452578 -0.1281182 0.9844456 -0.1113749
1658133116.489374 -0.2390748 -54.6928787 -5.8450451 -0.0260033 -0.1759118 0.9629127 -0.2029237
1658133117.388210 0.1344212 -54.4589806 -5.8330379 -0.0238238 -0.2024681 0.9292086 -0.3082377
1658133118.490163 0.4992586 -54.0565681 -5.8132353 -0.0151402 -0.2046772 0.8679143 -0.4523303
1658133119.489468 0.7155555 -53.6029472 -5.7873192 -0.0005942 0.2076356 -0.8000072 0.5629171
1658133120.289309 0.7910845 -53.2048569 -5.7586236 -0.0097024 0.1942719 -0.7404710 0.6433250
1658133121.091411 0.7939500 -52.7954559 -5.7349610 -0.0042314 0.1789934 -0.6770336 0.7138410
1658133121.790130 0.7389053 -52.4442711 -5.7148490 0.0115163 0.1530678 -0.6334835 0.7583774
1658133122.589195 0.6384591 -52.0468369 -5.6918912 0.0483540 0.1264213 -0.6096142 0.7810570
1658133123.689888 0.4887390 -51.5115623 -5.6602840 0.0525167 0.1082856 -0.6066383 0.7858157
1658133124.789514 0.3455444 -50.9786453 -5.6284380 0.0614480 0.1143194 -0.6060967 0.7847305
1658133125.991220 0.1966055 -50.4015541 -5.5941286 0.0743589 0.1106991 -0.6051503 0.7848628
1658133127.287921 0.0438980 -49.7715111 -5.5568848 0.0632365 0.0892749 -0.6063482 0.7876377
1658133128.589156 -0.1075113 -49.1446609 -5.5218620 0.0602754 0.0927297 -0.6090351 0.7853943
1658133129.889908 -0.2545782 -48.5189705 -5.4866543 0.0610136 0.0970156 -0.6073659 0.7861120
1658133131.191104 -0.4003479 -47.8920364 -5.4499416 0.0599832 0.1058518 -0.6074774 0.7849641
1658133132.488916 -0.5400710 -47.2740364 -5.4137592 0.0604896 0.1128665 -0.6102609 0.7817824
1658133133.890034 -0.6926692 -46.5957985 -5.3754678 0.0549899 0.1136290 -0.6132395 0.7797448
1658133135.191067 -0.8382783 -45.9624100 -5.3404965 0.0504478 0.1106789 -0.6114895 0.7818477
1658133136.488098 -0.9866937 -45.3302917 -5.3050222 0.0468127 0.1006065 -0.6109940 0.7838196
1658133137.789853 -1.1413114 -44.6983833 -5.2772708 0.0675140 0.1020218 -0.6067351 0.7854336
1658133139.191067 -1.3022405 -44.0206337 -5.2403259 0.0725675 0.0996977 -0.6080246 0.7842834
1658133140.488064 -1.4502360 -43.4043579 -5.2104454 0.0708548 0.0976945 -0.6094197 0.7836090
1658133141.789238 -1.5935678 -42.7753792 -5.1798654 0.0592249 0.0972021 -0.6086604 0.7852240
1658133143.089908 -1.7379290 -42.1460266 -5.1478233 0.0635514 0.0996864 -0.6095210 0.7839056
1658133144.388238 -1.8827028 -41.5219994 -5.1173372 0.0660594 0.1006982 -0.6093782 0.7836799
1658133145.688894 -2.0243561 -40.8896065 -5.0873075 0.0537189 0.1094638 -0.6072770 0.7850775
1658133146.990519 -2.1680746 -40.2593727 -5.0544338 0.0558846 0.1093418 -0.6084179 0.7840593
1658133148.388324 -2.3257806 -39.5865746 -5.0225620 0.0559059 0.1121013 -0.6084373 0.7836529
1658133149.687965 -2.4726083 -38.9510155 -4.9928317 0.0577506 0.1077468 -0.6080573 0.7844245
1658133150.989031 -2.6172082 -38.3192711 -4.9614258 0.0595197 0.1108342 -0.6102893 0.7821254
1658133152.286333 -2.7664998 -37.6919098 -4.9377999 0.0521966 0.1018392 -0.6096084 0.7843991
1658133153.688182 -2.9217882 -37.0137672 -4.9081736 0.0383033 0.1017124 -0.6129581 0.7826045
1658133154.989178 -3.0691991 -36.3988075 -4.8831530 0.0513431 0.0945817 -0.6113939 0.7839743
1658133156.387548 -3.2301431 -35.7095795 -4.8508420 0.0553415 0.0933811 -0.6098437 0.7850528
1658133157.688922 -3.3779943 -35.0761490 -4.8227715 0.0556195 0.0933447 -0.6103144 0.7846716
1658133158.989492 -3.5231690 -34.4530144 -4.7995152 0.0608012 0.0987311 -0.6084026 0.7851125
1658133160.286248 -3.6675069 -33.8297424 -4.7749343 0.0613369 0.0946633 -0.6074470 0.7863109
1658133161.587226 -3.8146293 -33.2015343 -4.7511220 0.0568917 0.0942941 -0.6098707 0.7848119
1658133162.889199 -3.9605873 -32.5724487 -4.7279301 0.0613325 0.0951773 -0.6084580 0.7854671
1658133164.190244 -4.1050277 -31.9448662 -4.7041235 0.0623919 0.0925110 -0.6094293 0.7849490
1658133165.486641 -4.2530155 -31.3157215 -4.6803975 0.0588964 0.0871283 -0.6115971 0.7841485
1658133166.787961 -4.4021106 -30.6824474 -4.6586800 0.0566653 0.0824640 -0.6096350 0.7863421
1658133168.089593 -4.5494804 -30.0547848 -4.6366229 0.0587393 0.0872934 -0.6097177 0.7856041
1658133169.487268 -4.7026091 -29.3831100 -4.6125207 0.0585891 0.0888971 -0.6105097 0.7848201
1658133170.888624 -4.8625131 -28.7066364 -4.5900412 0.0601878 0.0949258 -0.6079760 0.7859591
1658133172.286408 -5.0282369 -28.0188732 -4.5682445 0.0538119 0.0892497 -0.6093092 0.7860541
1658133173.689500 -5.1824641 -27.3422222 -4.5428967 0.0489604 0.0896962 -0.6102514 0.7855895
1658133174.989152 -5.3228178 -26.7243099 -4.5207772 0.0475566 0.0906681 -0.6106134 0.7852827
1658133176.387064 -5.4940391 -26.0374126 -4.4969249 0.0496180 0.0817455 -0.6113253 0.7855807
1658133177.688080 -5.6453338 -25.4028072 -4.4779105 0.0507279 0.0810419 -0.6104037 0.7862990
1658133178.988246 -5.7952909 -24.7745132 -4.4607987 0.0518565 0.0838884 -0.6099704 0.7862632
1658133180.386808 -5.9593167 -24.0971241 -4.4416280 0.0520859 0.0809748 -0.6104071 0.7862145
1658133181.788619 -6.1221733 -23.4129810 -4.4223647 0.0475032 0.0803197 -0.6108993 0.7861897
1658133183.088778 -6.2739367 -22.7747421 -4.4051237 0.0495446 0.0763847 -0.6100079 0.7871475
1658133184.686860 -6.4555225 -22.0022488 -4.3858705 0.0486245 0.0754523 -0.6114894 0.7861446
1658133185.989092 -6.6032157 -21.3719692 -4.3712330 0.0574087 0.0918210 -0.6080307 0.7864934
1658133187.285010 -6.7542000 -20.7370510 -4.3559308 0.0488498 0.0782551 -0.6100522 0.7869728
1658133188.586584 -6.9001637 -20.1066551 -4.3400798 0.0431084 0.0811914 -0.6111863 0.7861304
1658133189.987907 -7.0616474 -19.4229183 -4.3245444 0.0465691 0.0819338 -0.6103980 0.7864684
1658133191.284854 -7.2133999 -18.7898540 -4.3079228 0.0391750 0.0741586 -0.6122171 0.7862290
1658133192.586892 -7.3668513 -18.1619396 -4.2936563 0.0463547 0.0736079 -0.6110073 0.7868311
1658133193.988105 -7.5277557 -17.4829006 -4.2809143 0.0449601 0.0746333 -0.6099350 0.7876469
1658133195.284935 -7.6781511 -16.8561764 -4.2699189 0.0507166 0.0719375 -0.6108218 0.7868606
1658133196.587543 -7.8255153 -16.2231865 -4.2566171 0.0409715 0.0709345 -0.6109286 0.7874363
1658133197.887887 -7.9723878 -15.5922260 -4.2439098 0.0426885 0.0756032 -0.6110869 0.7867875
1658133199.284690 -8.1304216 -14.9148235 -4.2342296 0.0428135 0.0832390 -0.6092612 0.7874256
1658133200.586396 -8.2815971 -14.2833014 -4.2228560 0.0444264 0.0711170 -0.6109017 0.7872533
1658133201.906817 -8.4326649 -13.6494408 -4.2099104 0.0422361 0.0663873 -0.6105960 0.7880237
1658133203.284359 -8.5931015 -12.9761534 -4.1998076 0.0487161 0.0648825 -0.6132986 0.7856728
1658133204.588284 -8.7395687 -12.3486032 -4.1873536 0.0484189 0.0783581 -0.6108933 0.7863364
1658133205.987673 -8.8988342 -11.6706476 -4.1774049 0.0565709 0.0834224 -0.6103672 0.7856795
1658133207.385563 -9.0595121 -10.9902153 -4.1669168 0.0477761 0.0734127 -0.6106571 0.7870362
1658133208.786375 -9.2197199 -10.3121605 -4.1585975 0.0504218 0.0708765 -0.6099446 0.7876558
1658133210.188401 -9.3815298 -9.6296806 -4.1514187 0.0429880 0.0694167 -0.6104021 0.7878723
1658133211.585831 -9.5399504 -8.9459820 -4.1435761 0.0388871 0.0616478 -0.6115774 0.7878201
1658133213.087539 -9.7130785 -8.2233658 -4.1356988 0.0418023 0.0677076 -0.6104559 0.7880430
1658133214.484808 -9.8744259 -7.5355668 -4.1283426 0.0442744 0.0621490 -0.6114340 0.7876076
1658133215.887057 -9.9986038 -6.8514123 -4.1263008 0.1095601 0.0059235 -0.6600384 0.7431761
1658133217.283874 -9.9160347 -6.1615081 -4.1170053 0.1217123 -0.0722170 -0.7970023 0.5871612
1658133218.685685 -9.5009575 -5.5973330 -4.1080027 -0.0986240 0.0961846 0.9193286 -0.3685875
1658133220.087020 -8.8502674 -5.3013225 -4.0979695 -0.0649459 0.0864612 0.9855650 -0.1302616
1658133221.485314 -8.1311159 -5.2836466 -4.0854287 -0.0458400 0.0109113 0.9988377 0.0101397
1658133222.887192 -7.4266381 -5.3639798 -4.0782785 -0.0396692 -0.0186743 0.9986601 0.0274897
1658133224.386619 -6.6932945 -5.4764414 -4.0734968 -0.0366794 0.0469663 0.9927831 0.1040691
1658133225.785677 -6.0456800 -5.7274442 -4.0700722 -0.0253108 0.0565948 0.9735767 0.2197833
1658133227.087502 -5.5109429 -6.0987043 -4.0701799 -0.0173272 0.0580585 0.9453402 0.3204076
1658133228.484991 -5.0371385 -6.6112061 -4.0716405 -0.0102800 0.0637110 0.9051138 0.4202431
1658133229.887217 -4.6879292 -7.2240257 -4.0749316 0.0003995 0.0661146 0.8484462 0.5251360
1658133231.187342 -4.4935393 -7.8496757 -4.0808229 -0.0226496 0.0332628 0.8011333 0.5971315
1658133232.585449 -4.3361955 -8.5565348 -4.0935087 -0.0379301 0.0088296 0.7938204 0.6069041
1658133233.886521 -4.1811209 -9.1850634 -4.1019273 -0.0357159 0.0102474 0.7933070 0.6076869
1658133235.187305 -4.0200996 -9.8079224 -4.1097736 -0.0342690 0.0106499 0.7944235 0.6063032
1658133236.484847 -3.8544126 -10.4324141 -4.1175232 -0.0231589 0.0038556 0.7941651 0.6072484
1658133237.785230 -3.6886857 -11.0555868 -4.1266150 -0.0331342 0.0069420 0.7944117 0.6064355
1658133239.087060 -3.5240307 -11.6848040 -4.1386542 -0.0320519 0.0074037 0.7937639 0.6073357
1658133240.384031 -3.3598757 -12.3093328 -4.1487789 -0.0333506 0.0071656 0.7943917 0.6064472
1658133241.785487 -3.1841462 -12.9843149 -4.1608396 -0.0337798 0.0073732 0.7931338 0.6080653
1658133243.086209 -3.0222301 -13.6069965 -4.1717668 -0.0370268 0.0090647 0.7928481 0.6082259
1658133244.384159 -2.8598950 -14.2285709 -4.1814384 -0.0411859 0.0068045 0.7937357 0.6068287
1658133245.685175 -2.6912482 -14.8588257 -4.1932693 -0.0362785 0.0069350 0.7932444 0.6077821
1658133246.986139 -2.5243485 -15.4882536 -4.2057333 -0.0362370 0.0078519 0.7937330 0.6071352
1658133248.282665 -2.3584368 -16.1117840 -4.2208157 -0.0420489 0.0144683 0.7939727 0.6063249
1658133249.583927 -2.1959879 -16.7360954 -4.2344284 -0.0361925 0.0064630 0.7919096 0.6095306
1658133250.885752 -2.0267217 -17.3736954 -4.2514949 -0.0322446 0.0073197 0.7917312 0.6099741
1658133252.186762 -1.8618507 -18.0060711 -4.2657795 -0.0369735 0.0029542 0.7968420 0.6030481
1658133253.483817 -1.6947082 -18.6357784 -4.2801318 -0.0326871 0.0018506 0.7948322 0.6059454
1658133254.785179 -1.5299665 -19.2652416 -4.2942762 -0.0305125 -0.0009377 0.7923827 0.6092601
1658133256.085798 -1.3631005 -19.8979092 -4.3113594 -0.0431815 0.0078941 0.7939261 0.6064276
1658133257.383662 -1.2092583 -20.5122719 -4.3240199 -0.0401953 -0.0011050 0.7960848 0.6038479
1658133258.686676 -1.0448388 -21.1397457 -4.3389878 -0.0346959 0.0012017 0.7983299 0.6012188
1658133259.985269 -0.8816634 -21.7690525 -4.3528318 -0.0339189 -0.0011345 0.7912490 0.6105515
1658133261.282076 -0.7150193 -22.3936214 -4.3737650 -0.0266076 0.0036883 0.7914304 0.6106687
1658133262.583426 -0.5495201 -23.0204353 -4.3902969 -0.0319356 0.0010458 0.7942452 0.6067566
1658133263.784830 -0.3963617 -23.5982933 -4.4082642 -0.0293987 0.0043010 0.7942125 0.6069134
1658133264.985590 -0.2403495 -24.1790504 -4.4261322 -0.0277395 0.0040061 0.7928696 0.6087465
1658133266.282030 -0.0789158 -24.8059559 -4.4495301 -0.0271637 -0.0041897 0.7928154 0.6088418
1658133267.583152 0.0842037 -25.4376678 -4.4712677 -0.0243502 -0.0034956 0.7915652 0.6105894
1658133268.783667 0.2329094 -26.0143490 -4.4906640 -0.0275567 -0.0006464 0.7923297 0.6094701
1658133269.985306 0.3838798 -26.5918236 -4.5102582 -0.0328412 0.0013893 0.7933648 0.6078584
1658133271.281643 0.5486404 -27.2222214 -4.5324388 -0.0223372 -0.0040980 0.7922731 0.6097439
1658133272.583330 0.7110937 -27.8479748 -4.5530529 -0.0336026 0.0017317 0.7936597 0.6074308
1658133273.884187 0.8770463 -28.4780312 -4.5729065 -0.0292253 0.0011336 0.7937363 0.6075584
1658133275.086805 1.0261130 -29.0546017 -4.5921564 -0.0283282 0.0013482 0.7938928 0.6073960
1658133276.382706 1.1927210 -29.6971245 -4.6269894 -0.0178482 -0.0072192 0.7921685 0.6099986
1658133277.583235 1.3391454 -30.2744331 -4.6508942 -0.0259370 -0.0027669 0.7930509 0.6085967
1658133278.884121 1.5010507 -30.8972778 -4.6780477 -0.0231358 0.0008712 0.7938172 0.6077156
1658133280.084642 1.6491271 -31.4717789 -4.7018847 -0.0236990 0.0034946 0.7930102 0.6087372
1658133281.281864 1.7931831 -32.0470886 -4.7211423 -0.0212735 -0.0013729 0.7933843 0.6083477
1658133282.483272 1.9411715 -32.6189766 -4.7439413 -0.0201593 0.0020184 0.7929792 0.6089118
1658133283.684531 2.0855458 -33.1894798 -4.7685351 -0.0215434 0.0029273 0.7931076 0.6086934
1658133284.885785 2.2311881 -33.7650337 -4.7917199 -0.0194829 -0.0011704 0.7926326 0.6093870
1658133286.086647 2.3769062 -34.3348312 -4.8147922 -0.0244365 0.0009618 0.7919532 0.6100919
1658133287.280963 2.5198948 -34.9018364 -4.8375607 -0.0200993 -0.0030329 0.7920247 0.6101505
1658133288.482732 2.6744227 -35.5186310 -4.8609509 -0.0219846 0.0015057 0.7916306 0.6106025
1658133289.683389 2.8207860 -36.1096954 -4.8847842 -0.0229124 -0.0043815 0.7917643 0.6103812
1658133290.884022 2.9692688 -36.6956940 -4.9090862 -0.0302263 0.0026098 0.7906256 0.6115478
1658133292.084423 3.1229131 -37.2757111 -4.9344535 -0.0234150 -0.0040958 0.7898257 0.6128706
1658133293.280746 3.2701335 -37.8465309 -4.9617367 -0.0233673 -0.0016833 0.7906411 0.6118315
1658133294.482430 3.4156361 -38.4223633 -4.9891601 -0.0254951 -0.0001004 0.7892296 0.6135687
1658133295.683235 3.5887456 -39.0133057 -5.0198498 -0.0273287 -0.0093145 0.7890106 0.6137007
1658133296.883655 3.7381320 -39.5983086 -5.0455995 -0.0253611 -0.0014161 0.7903568 0.6121201
1658133298.084109 3.8884504 -40.1786728 -5.0705638 -0.0292011 -0.0011571 0.7903954 0.6118996
1658133299.280804 4.0431633 -40.7565727 -5.0977592 -0.0270989 -0.0027295 0.7909934 0.6112182
1658133300.482343 4.2007012 -41.3382645 -5.1277041 -0.0255786 -0.0020059 0.7905795 0.6118217
1658133301.684686 4.3613176 -41.9190559 -5.1579127 -0.0145458 -0.0040125 0.7928974 0.6091684
1658133302.883417 4.5160446 -42.4990768 -5.1893296 -0.0162086 -0.0026478 0.7885533 0.6147470
1658133304.084367 4.6728611 -43.0800438 -5.2216949 -0.0167438 -0.0031526 0.7916988 0.6106740
1658133305.280475 4.8219438 -43.6576843 -5.2515583 -0.0187801 -0.0060629 0.7914014 0.6109782
1658133306.481058 4.9656773 -44.2431145 -5.2781096 -0.0112442 -0.0125415 0.7915380 0.6108878
1658133307.682677 5.1120334 -44.8224030 -5.3068600 -0.0236936 -0.0009618 0.7911127 0.6112106
1658133308.782853 5.2461677 -45.3522530 -5.3332319 -0.0241734 -0.0050282 0.7882811 0.6148196
1658133309.984449 5.3950043 -45.9302673 -5.3655066 -0.0222465 -0.0044083 0.7902576 0.6123550
1658133310.884649 5.5083632 -46.3642159 -5.3893566 -0.0296414 -0.0035064 0.7904837 0.6117553
1658133311.883078 5.6195831 -46.8596039 -5.4103026 -0.0220573 -0.0099601 0.7905496 0.6119196
1658133312.882401 5.7397590 -47.3362770 -5.4362483 -0.0202437 -0.0082973 0.7905657 0.6119863
1658133313.782843 5.8473325 -47.7654533 -5.4599438 -0.0182291 -0.0029889 0.7901817 0.6125942
1658133314.682561 5.9531803 -48.1966591 -5.4804821 -0.0181261 -0.0078474 0.7911088 0.6113564
1658133315.581714 6.0624375 -48.6283188 -5.5021420 -0.0204003 -0.0089010 0.7901076 0.6125639
1658133316.482293 6.1721935 -49.0599670 -5.5237646 -0.0116845 -0.0137560 0.7904146 0.6123064
1658133317.380383 6.2790375 -49.4897499 -5.5465207 -0.0156788 -0.0085518 0.7893891 0.6136333
1658133318.279995 6.3816319 -49.9189186 -5.5686746 -0.0186734 -0.0126526 0.7891148 0.6138314
1658133319.183398 6.4867511 -50.3505554 -5.5905957 -0.0237687 -0.0133866 0.7886488 0.6142384
1658133320.083976 6.5966749 -50.7807121 -5.6112680 -0.0457206 -0.0496615 0.7963848 0.6010114
1658133321.279971 6.8112783 -51.3257751 -5.6385965 -0.0698468 -0.1034084 0.8444276 0.5209321
1658133322.581525 7.2037902 -51.8309746 -5.6667123 -0.0755920 -0.1368203 0.9079930 0.3887349
1658133323.782193 7.7031169 -52.1652985 -5.6849055 -0.0669905 -0.1443204 0.9543906 0.2526311
1658133324.982648 8.2809849 -52.3489342 -5.6964478 -0.0572709 -0.1543520 0.9799015 0.1126438
1658133326.183128 8.8851309 -52.3660088 -5.6979675 -0.0526899 -0.1458276 0.9877104 -0.0196558
1658133327.280973 9.4252272 -52.2649231 -5.6939917 -0.0529396 -0.0947464 0.9888740 -0.1017286
1658133328.183056 9.8589859 -52.1497345 -5.6893587 -0.0527398 -0.0709710 0.9894173 -0.1150438
1658133329.380480 10.4281960 -51.9797401 -5.6825595 -0.0454224 -0.1354738 0.9763153 -0.1624561
1658133330.183360 10.7862501 -51.8180275 -5.6746039 -0.0384422 -0.1690124 0.9562263 -0.2357715
1658133331.279529 11.2152119 -51.4943161 -5.6622157 -0.0230723 -0.1828586 0.9138887 -0.3617152
1658133331.982430 11.4378405 -51.2221489 -5.6508102 -0.0070747 -0.1825057 0.8770949 -0.4442367
1658133333.083884 11.6774387 -50.7243271 -5.6280479 -0.0053808 0.1734617 -0.8098159 0.5604287
1658133333.782717 11.7546968 -50.3791618 -5.6125584 -0.0155840 0.1715498 -0.7560988 0.6313813
1658133334.380382 11.7728605 -50.0758133 -5.5981488 -0.0162877 0.1616056 -0.7077854 0.6875014
1658133335.183273 11.7323685 -49.6709099 -5.5786891 -0.0016643 0.1354591 -0.6509304 0.7469522
1658133336.082740 11.6250086 -49.2277222 -5.5588694 0.0410607 0.0977369 -0.6108128 0.7846459
1658133336.883696 11.5111456 -48.8424225 -5.5423493 0.0558653 0.0829745 -0.6034096 0.7911329
1658133337.882373 11.3782558 -48.3645401 -5.5179906 0.0528534 0.0821354 -0.6052779 0.7899993
1658133338.982605 11.2441349 -47.8380737 -5.4920993 0.0507785 0.0805209 -0.6075463 0.7885591
1658133340.083314 11.1143684 -47.3121643 -5.4694681 0.0478509 0.0834978 -0.6055802 0.7899437
1658133341.279045 10.9762220 -46.7394676 -5.4449587 0.0431962 0.0842812 -0.6062347 0.7896267
1658133342.480028 10.8372440 -46.1665878 -5.4190774 0.0559235 0.0840304 -0.6085300 0.7870849
1658133343.681305 10.7154465 -45.6153946 -5.3919296 0.0565051 0.0857798 -0.6081485 0.7871495
1658133344.881987 10.5998945 -45.0538330 -5.3787136 0.0588739 0.0872636 -0.6073859 0.7874016
1658133345.781578 10.5018291 -44.6341400 -5.3563008 0.0571378 0.0924858 -0.6075422 0.7868126
1658133346.680945 10.4045620 -44.2133827 -5.3335810 0.0520765 0.0877001 -0.6087776 0.7867570
1658133347.580599 10.3197517 -43.7942200 -5.3178720 0.0524165 0.0899632 -0.6084799 0.7867092
1658133348.480435 10.2297907 -43.3707199 -5.3078585 0.0581475 0.0913056 -0.6080344 0.7864962
1658133349.479583 10.1399469 -42.9123459 -5.2896132 0.0567277 0.0859325 -0.6087069 0.7866851
1658133350.480417 10.0411348 -42.4448547 -5.2708993 0.0546484 0.0859098 -0.6083934 0.7870772
1658133351.480177 9.9393559 -41.9758453 -5.2538910 0.0445078 0.0769197 -0.6087539 0.7883661
1658133352.580462 9.8286762 -41.4623566 -5.2330508 0.0482502 0.0825195 -0.6088479 0.7875066
1658133353.580172 9.7273474 -41.0021324 -5.2118855 0.0551957 0.0850724 -0.6090977 0.7865851
1658133354.479727 9.6370726 -40.5871124 -5.1942115 0.0549593 0.0880499 -0.6060844 0.7885990
1658133355.480028 9.5384407 -40.1284180 -5.1741180 0.0535548 0.0808666 -0.6094613 0.7868605
1658133356.378964 9.4544535 -39.6990318 -5.1595926 0.0474470 0.0782586 -0.6085806 0.7881967
1658133357.278483 9.3647156 -39.2815247 -5.1430602 0.0573266 0.0857166 -0.6080893 0.7871428
1658133358.182633 9.2870398 -38.8552017 -5.1297383 0.0524218 0.0940141 -0.6099579 0.7850890
1658133359.082414 9.1957235 -38.4375648 -5.1102829 0.0509791 0.0893992 -0.6091241 0.7863693
1658133359.982874 9.0988150 -38.0183372 -5.0948944 0.0503936 0.0829569 -0.6095632 0.7867727
1658133360.881111 8.9847040 -37.5938950 -5.0814300 0.0558093 0.0834865 -0.6090518 0.7867472
1658133361.780894 8.8810797 -37.1647758 -5.0654860 0.0508101 0.0744041 -0.6099609 0.7872929
1658133362.581250 8.8008947 -36.7829247 -5.0534477 0.0470337 0.0728454 -0.6103720 0.7873547
1658133363.480070 8.6999502 -36.3517456 -5.0408268 0.0466221 0.0717650 -0.6098028 0.7879192
1658133364.281153 8.6124916 -35.9739571 -5.0285454 0.0450231 0.0720358 -0.6104839 0.7874599
1658133365.083673 8.5258036 -35.5894623 -5.0201712 0.0454119 0.0692575 -0.6094659 0.7884748
1658133365.883250 8.4358740 -35.2109985 -5.0129085 0.0652488 0.0887494 -0.6104954 0.7843223
1658133366.680595 8.3455734 -34.8302040 -4.9996920 0.0518774 0.0723154 -0.6116174 0.7861319
1658133367.479060 8.2555885 -34.4473343 -4.9908509 0.0501638 0.0676038 -0.6131762 0.7854478
1658133368.278234 8.1657696 -34.0635567 -4.9823666 0.0517052 0.0735093 -0.6108630 0.7866189
1658133369.082128 8.0753918 -33.6733551 -4.9740815 0.0527624 0.0733465 -0.6120974 0.7856037
1658133369.881562 7.9881067 -33.2909508 -4.9642606 0.0531299 0.0731919 -0.6117170 0.7858896
1658133370.780731 7.9162750 -32.8751411 -4.9428244 0.0535887 0.0728148 -0.6122121 0.7855079
1658133371.679974 7.8219557 -32.4633713 -4.9172907 0.0487055 0.0668296 -0.6114094 0.7869817
1658133372.479070 7.7406116 -32.0900040 -4.9024973 0.0475477 0.0662558 -0.6122737 0.7864289
1658133373.278600 7.6580925 -31.7110329 -4.8936119 0.0489277 0.0711308 -0.6112970 0.7866782
1658133374.277895 7.5551147 -31.2420807 -4.8772511 0.0497790 0.0722901 -0.6110581 0.7867046
1658133375.182299 7.4649720 -30.8255672 -4.8541708 0.0533329 0.0702260 -0.6120470 0.7858895
1658133375.981304 7.3800831 -30.4489002 -4.8448601 0.0617555 0.0841358 -0.6111135 0.7846322
1658133376.880712 7.2920938 -30.0279427 -4.8242612 0.0523195 0.0683956 -0.6121717 0.7860220
1658133377.780648 7.2027469 -29.6045322 -4.8075290 0.0512487 0.0748132 -0.6128725 0.7849610
1658133378.579198 7.1185112 -29.2283916 -4.7993650 0.0497426 0.0800881 -0.6137463 0.7838539
1658133379.378262 7.0330687 -28.8484879 -4.7908502 0.0454362 0.0789382 -0.6130428 0.7847821
1658133380.181655 6.9520650 -28.4692383 -4.7768865 0.0478312 0.0743418 -0.6147783 0.7837302
1658133381.081709 6.8583031 -28.0416832 -4.7697473 0.0485526 0.0904897 -0.6120338 0.7841358
1658133381.880730 6.7766910 -27.6674938 -4.7522292 0.0418080 0.0856262 -0.6155941 0.7822814
1658133382.680044 6.6927042 -27.2930698 -4.7383933 0.0341779 0.0804223 -0.6128866 0.7853242
1658133383.479586 6.6026425 -26.9168053 -4.7288508 0.0450867 0.0786594 -0.6118872 0.7857315
1658133384.277839 6.5124593 -26.5364037 -4.7166972 0.0418821 0.0734259 -0.6140261 0.7847461
1658133385.181614 6.4132233 -26.1056786 -4.7096982 0.0427075 0.0785573 -0.6127855 0.7851744
1658133385.981132 6.3265548 -25.7232704 -4.7010932 0.0390449 0.0841756 -0.6118501 0.7855121
1658133386.782483 6.2421193 -25.3403339 -4.6934891 0.0384726 0.0791858 -0.6136803 0.7846311
1658133387.679735 6.1427374 -24.9169178 -4.6839824 0.0435475 0.0804686 -0.6137746 0.7841614
1658133388.579067 6.0475497 -24.4920673 -4.6755381 0.0444421 0.0834459 -0.6143227 0.7833705
1658133389.779805 5.9085922 -23.9342232 -4.6595840 0.0372406 0.0808571 -0.6143622 0.7839862
1658133390.680719 5.8043556 -23.5131721 -4.6497793 0.0369354 0.0761676 -0.6140273 0.7847323
1658133391.578198 5.6999779 -23.0854626 -4.6425452 0.0313022 0.0675423 -0.6152633 0.7847989
1658133392.378621 5.6149983 -22.7048092 -4.6412530 0.0328497 0.0837223 -0.6124681 0.7853625
1658133393.276992 5.5166888 -22.2828426 -4.6361361 0.0396979 0.0703001 -0.6094398 0.7887110
1658133394.181176 5.4128113 -21.8558960 -4.6264577 0.0379352 0.0670440 -0.6153698 0.7844654
1658133395.080684 5.3084569 -21.4306965 -4.6146936 0.0356959 0.0624616 -0.6148871 0.7853268
1658133395.980840 5.2083859 -21.0012798 -4.6128101 0.0485740 0.0784183 -0.6149804 0.7831285
1658133396.979968 5.0933795 -20.5292339 -4.6076889 0.0427736 0.0642187 -0.6161764 0.7838195
1658133397.979600 4.9805398 -20.0606899 -4.6062293 0.0444841 0.0711835 -0.6161192 0.7831674
1658133398.880158 4.8843470 -19.6347904 -4.6034021 0.0396274 0.0785755 -0.6157218 0.7830340
1658133399.879118 4.7723699 -19.1725292 -4.6041117 0.0371413 0.0714259 -0.6149325 0.7844597
1658133400.879578 4.6624928 -18.6967010 -4.6001816 0.0368153 0.0693251 -0.6155469 0.7841815
1658133401.879436 4.5507741 -18.2215881 -4.6025128 0.0311647 0.0569382 -0.6156055 0.7853768
1658133402.778973 4.4512258 -17.7934246 -4.6020980 0.0400055 0.0689065 -0.6104276 0.7880543
1658133403.778462 4.3355203 -17.3194370 -4.5982261 0.0348391 0.0693648 -0.6140416 0.7854475
1658133404.779493 4.2221546 -16.8500843 -4.6007886 0.0310099 0.0615660 -0.6190336 0.7823333
1658133405.778433 4.1103888 -16.3786640 -4.6044626 0.0328631 0.0611950 -0.6181617 0.7829760
1658133406.779035 3.9955688 -15.9081526 -4.6108303 0.0408920 0.0554687 -0.6179353 0.7832030
1658133407.778920 3.8859689 -15.4370165 -4.6151881 0.0448027 0.0696460 -0.6149652 0.7841938
1658133408.778900 3.7745304 -14.9693832 -4.6256065 0.0437302 0.0698223 -0.6138945 0.7850771
1658133409.778538 3.6656663 -14.4998627 -4.6315527 0.0401016 0.0707197 -0.6181960 0.7818084
1658133410.779212 3.5602047 -14.0305510 -4.6419716 0.0340811 0.0754704 -0.6170993 0.7825159
1658133411.678639 3.4625263 -13.6042080 -4.6454964 0.0371093 0.0744563 -0.6154175 0.7837987
1658133412.678381 3.3468618 -13.1483021 -4.6713114 0.0398362 0.0733072 -0.6147084 0.7843295
1658133413.878931 3.2188327 -12.5541658 -4.6473212 0.0410236 0.0776960 -0.6151946 0.7834641
1658133415.079180 3.0880563 -11.9796972 -4.6491160 0.0460429 0.0766896 -0.6134099 0.7846828
1658133416.079350 2.9765055 -11.4954491 -4.6501684 0.0502962 0.0800010 -0.6141076 0.7835445
1658133417.080453 2.8644743 -11.0095301 -4.6511588 0.0440112 0.0732777 -0.6146508 0.7841542
1658133418.079722 2.7530944 -10.5250015 -4.6541982 0.0417881 0.0689140 -0.6151960 0.7842438
1658133419.080614 2.6447520 -10.0388279 -4.6572833 0.0408854 0.0717891 -0.6159737 0.7834227
1658133420.081423 2.5354283 -9.5532370 -4.6622090 0.0395774 0.0745404 -0.6150528 0.7839562
1658133421.079972 2.4287632 -9.0616302 -4.6658463 0.0822788 0.0383493 -0.6282164 0.7727248
1658133422.078881 2.3758399 -8.5628023 -4.6671739 0.1095892 -0.0120722 -0.6824160 0.7226015
1658133423.080030 2.4420097 -8.0624046 -4.6651921 0.1256823 -0.0591652 -0.7738115 0.6179961
1658133423.979281 2.6406980 -7.6515136 -4.6595163 -0.1109311 0.0689499 0.8585342 -0.4958419
1658133424.878560 2.9573462 -7.3137612 -4.6516151 -0.0923103 0.0890134 0.9205572 -0.3689578
1658133425.677576 3.3122523 -7.0999064 -4.6426759 -0.0756358 0.0958246 0.9622868 -0.2431071
1658133426.476943 3.7102368 -6.9788613 -4.6327529 -0.0571567 0.0779444 0.9865820 -0.1315820
1658133427.576805 4.2764797 -6.9358330 -4.6195259 -0.0463692 0.0179457 0.9981526 -0.0349176
1658133428.578033 4.7856193 -6.9534597 -4.6092172 -0.0437083 -0.0117788 0.9989148 -0.0109592
1658133429.577892 5.2837086 -6.9842520 -4.6018353 -0.0475106 0.0348453 0.9978522 0.0286277
1658133430.577107 5.7709084 -7.0758991 -4.5949135 -0.0407483 0.0603967 0.9909360 0.1128607
1658133431.677316 6.2806802 -7.2810378 -4.5866513 -0.0233854 0.0725208 0.9729329 0.2181638
1658133432.777514 6.7316628 -7.5954547 -4.5805106 -0.0225321 0.0694027 0.9465064 0.3143265
1658133433.878086 7.1123314 -7.9988894 -4.5756717 -0.0097333 0.0750374 0.9090897 0.4096712
1658133434.979000 7.4006991 -8.4758911 -4.5715299 -0.0009331 0.0788698 0.8601425 0.5039181
1658133436.079992 7.5850749 -9.0001640 -4.5709915 -0.0111264 0.0676329 0.8070177 0.5865359
1658133437.276011 7.7026968 -9.5906858 -4.5704718 -0.0374765 0.0203176 0.7797369 0.6246544
1658133438.476168 7.8066583 -10.1786423 -4.5707145 -0.0438202 0.0145549 0.7805082 0.6234380
1658133439.777434 7.9377050 -10.8132172 -4.5736203 -0.0402314 0.0175039 0.7798303 0.6244515
1658133440.978719 8.0662498 -11.3984842 -4.5794654 -0.0402420 0.0297795 0.7773539 0.6270682
1658133442.275072 8.2009697 -12.0297241 -4.5818319 -0.0448659 0.0209783 0.7770728 0.6274589
1658133443.576778 8.3366890 -12.6664257 -4.5839620 -0.0408068 0.0145697 0.7804266 0.6237442
1658133444.879243 8.4706669 -13.3061848 -4.5895553 -0.0477971 0.0099132 0.7790700 0.6250337
1658133446.178530 8.6056261 -13.9444036 -4.5966811 -0.0496446 0.0122656 0.7771824 0.6271942
1658133447.476596 8.7456989 -14.5814619 -4.6060147 -0.0213263 0.0008988 0.7771444 0.6289603
1658133448.780411 8.8876524 -15.2170315 -4.6114116 -0.0302287 0.0124435 0.7790602 0.6260963
1658133450.078179 9.0295210 -15.8559914 -4.6187687 -0.0348142 0.0088513 0.7829369 0.6210631
1658133451.375272 9.1669130 -16.4893131 -4.6287360 -0.0300682 0.0040879 0.7816190 0.6230175
1658133452.677184 9.3014994 -17.1243191 -4.6430101 -0.0380286 0.0072662 0.7714605 0.6350982
1658133453.978095 9.4385395 -17.7659817 -4.6555438 -0.0361019 0.0106522 0.7828516 0.6210689
1658133455.274731 9.5798807 -18.4057884 -4.6669698 -0.0334725 0.0104942 0.7851743 0.6182806
1658133456.575918 9.7221260 -19.0491810 -4.6813974 -0.0229954 0.0067604 0.7841951 0.6200513
1658133457.877110 9.8606606 -19.6886597 -4.6965036 -0.0272145 0.0088388 0.7829485 0.6214281
1658133459.179034 9.9991903 -20.3302612 -4.7118053 -0.0290121 0.0027304 0.7840677 0.6199908
1658133460.476047 10.1381207 -20.9719887 -4.7303171 -0.0339059 0.0025455 0.7819612 0.6223990
1658133461.776643 10.2747097 -21.6099415 -4.7539902 -0.0538804 0.0046710 0.7786394 0.6251367
1658133462.977535 10.4039793 -22.2048054 -4.7697597 -0.0477878 0.0072018 0.7800060 0.6239032
1658133464.178099 10.5360270 -22.8031483 -4.7869592 -0.0408633 0.0083373 0.7822743 0.6215365
1658133465.375371 10.6669340 -23.3980503 -4.7984276 -0.0321198 0.0032897 0.7796863 0.6253374
1658133466.475598 10.7867641 -23.9449425 -4.8121033 -0.0248261 -0.0042317 0.7807524 0.6243328
1658133467.475910 10.8951435 -24.4388580 -4.8296795 -0.0315449 0.0053498 0.7790581 0.6261348
1658133468.374744 10.9934292 -24.8858662 -4.8428597 -0.0314226 0.0016686 0.7809064 0.6238550
1658133469.474977 11.1154823 -25.4322815 -4.8615999 -0.0340808 -0.0011310 0.7805936 0.6241080
1658133470.077322 11.1827316 -25.7306232 -4.8732958 -0.0353968 0.0053922 0.7803348 0.6243361
1658133471.177489 11.3053465 -26.2757053 -4.8951654 -0.0435106 0.0052129 0.7821015 0.6216083
1658133471.977797 11.3950605 -26.6713543 -4.9117312 -0.0365954 0.0114023 0.7787817 0.6261228
1658133472.775822 11.4829683 -27.0716286 -4.9276991 -0.0277841 0.0021670 0.7826712 0.6218112
1658133473.575585 11.5818586 -27.4703121 -5.0191584 -0.0440743 0.0105930 0.7848837 0.6179829
1658133474.374708 11.6677990 -27.8720722 -5.0467496 -0.0408530 -0.0038191 0.7809445 0.6232513
1658133475.177564 11.7595148 -28.2733021 -5.0703115 -0.0248008 -0.0095975 0.7853025 0.6185408
1658133475.976654 11.8428631 -28.6802235 -5.1049819 -0.0381768 0.0082107 0.7857029 0.6173703
1658133476.775703 11.9230127 -29.0862808 -5.1217508 -0.0312183 -0.0092473 0.7801806 0.6247064
1658133477.576500 12.0084763 -29.4917774 -5.1631289 -0.0205344 -0.0051639 0.7797174 0.6257734
1658133478.475693 12.1094074 -29.9391060 -5.1924181 -0.0273618 -0.0054941 0.7812386 0.6236084
1658133479.374050 12.1954536 -30.3903942 -5.2140126 -0.0368144 -0.0050817 0.7804204 0.6241497
1658133480.177273 12.2785339 -30.7904396 -5.2230401 -0.0355626 -0.0046503 0.7815812 0.6227716
1658133481.077029 12.3724613 -31.2409248 -5.2449093 -0.0362609 0.0006101 0.7804681 0.6241429
1658133481.875933 12.4625244 -31.6369267 -5.2726312 -0.0312438 -0.0103473 0.7813564 0.6232166
1658133482.775390 12.5744314 -32.0724182 -5.3138208 -0.0462122 -0.0230670 0.7820526 0.6210686
1658133483.776406 12.7353916 -32.5493622 -5.3408489 -0.0703912 -0.0669340 0.8056877 0.5843220
1658133484.675943 12.8955431 -32.9831696 -5.3305092 -0.0947910 -0.1093162 0.8481081 0.5096835
1658133485.474983 13.1387625 -33.3124008 -5.3536963 -0.0890329 -0.1343533 0.8936802 0.4187578
1658133486.177490 13.4384356 -33.5414505 -5.3857675 -0.0806433 -0.1506067 0.9290128 0.3282522
1658133487.177484 13.8917875 -33.7914505 -5.3616066 -0.0694669 -0.1618445 0.9637627 0.2003551
1658133487.875902 14.2509880 -33.8793869 -5.3560872 -0.0668352 -0.1668098 0.9782777 0.1033451
1658133488.675032 14.6616402 -33.8981361 -5.3702207 -0.0533548 -0.1584083 0.9859272 -0.0027621
1658133489.475183 15.0980167 -33.8245735 -5.3512573 -0.0514672 -0.1376215 0.9849265 -0.0912751
1658133490.274284 15.5031891 -33.7039680 -5.3347774 -0.0615968 -0.0916322 0.9839540 -0.1401571
1658133491.177622 15.9598207 -33.5439453 -5.3242788 -0.0625065 -0.0673368 0.9828438 -0.1599271
1658133491.977159 16.3511524 -33.4044342 -5.3058801 -0.0627963 -0.0626539 0.9838643 -0.1553772
1658133492.876696 16.7842789 -33.2424240 -5.2872076 -0.0555993 -0.1167176 0.9741813 -0.1850850
1658133493.674772 17.1488419 -33.0542259 -5.2639451 -0.0373587 -0.1559320 0.9528199 -0.2577282
1658133494.373587 17.4315186 -32.8360329 -5.2437768 -0.0244717 -0.1893311 0.9159895 -0.3528714
1658133495.076482 17.6581440 -32.5564423 -5.2205029 -0.0093768 -0.1937887 0.8684135 -0.4563070
1658133495.775260 17.8126793 -32.2278328 -5.1939669 0.0002636 0.1783920 -0.8133779 0.5537081
1658133496.475460 17.8920574 -31.8674107 -5.1686358 -0.0290152 0.1770931 -0.7458010 0.6415426
1658133497.076946 17.8929787 -31.5473328 -5.1486902 -0.0280588 0.1691970 -0.6801272 0.7127497
1658133497.674775 17.8323116 -31.2321701 -5.1287298 -0.0296306 0.1463207 -0.6155820 0.7738030
1658133498.275154 17.7206879 -30.9294090 -5.1107197 -0.0074560 0.1249821 -0.5615788 0.8178956
1658133498.976341 17.5452862 -30.5923386 -5.0941415 0.0234990 0.0965577 -0.5151822 0.8513000
1658133499.675144 17.3489494 -30.2704468 -5.0792985 0.0554045 0.0715217 -0.4991179 0.8617983
1658133500.373720 17.1529293 -29.9547653 -5.0643244 0.0637355 0.0724776 -0.4964666 0.8626736
1658133501.373276 16.8789310 -29.4958000 -5.0410581 0.0503682 0.0539116 -0.4965405 0.8648723
1658133502.176307 16.6679688 -29.1306934 -5.0236654 0.0526145 0.0680774 -0.4954551 0.8643618
1658133503.373950 16.3651047 -28.5941257 -4.9976292 0.0542140 0.0746080 -0.4932163 0.8650041
1658133504.176096 16.1628075 -28.2344055 -4.9806213 0.0554673 0.0821069 -0.4917513 0.8650795
1658133505.076307 15.9337101 -27.8288765 -4.9591827 0.0540055 0.0798058 -0.4922282 0.8651161
1658133505.775576 15.7549143 -27.5127811 -4.9427724 0.0590664 0.0766117 -0.4929570 0.8646590
1658133506.473726 15.5753927 -27.1949253 -4.9291105 0.0496081 0.0658540 -0.4912472 0.8671092
1658133507.372928 15.3444700 -26.7871666 -4.9127483 0.0550374 0.0676063 -0.4934724 0.8653815
1658133508.075607 15.1635971 -26.4662914 -4.8968358 0.0488963 0.0663109 -0.4936900 0.8657264
1658133508.876044 14.9563885 -26.1000671 -4.8796940 0.0476621 0.0448856 -0.4939679 0.8670117
1658133509.675567 14.7508621 -25.7355347 -4.8655066 0.0573568 0.0686078 -0.4936845 0.8650311
1658133510.574721 14.5161543 -25.3228207 -4.8450327 0.0547538 0.0539907 -0.4976934 0.8639377
1658133511.473506 14.2873220 -24.9127083 -4.8291211 0.0476965 0.0559917 -0.4953324 0.8655841
1658133512.674271 13.9840803 -24.3680573 -4.8093243 0.0556104 0.0755920 -0.4940491 0.8643546
1658133513.774231 13.7058926 -23.8713856 -4.7886934 0.0590647 0.0863017 -0.4919716 0.8643074
1658133514.574917 13.5005064 -23.5100021 -4.7769804 0.0554931 0.0702719 -0.4932611 0.8652606
1658133515.475207 13.2694273 -23.1010456 -4.7631922 0.0549773 0.0604066 -0.4907957 0.8674377
1658133516.375835 13.0352278 -22.6876812 -4.7433529 0.0498457 0.0640616 -0.4948011 0.8652071
1658133517.176252 12.8244581 -22.3183460 -4.7215304 0.0566130 0.0582350 -0.5001156 0.8621415
1658133518.075222 12.5909348 -21.9075527 -4.7036238 0.0588225 0.0637695 -0.4951524 0.8644637
1658133518.975347 12.3603239 -21.5007820 -4.6887197 0.0638501 0.0736285 -0.4940249 0.8639684
1658133519.774224 12.1556463 -21.1374226 -4.6744142 0.0611656 0.0712463 -0.4955440 0.8634923
1658133520.574976 11.9514990 -20.7725315 -4.6616001 0.0599968 0.0759775 -0.4905190 0.8660363
1658133521.376201 11.7459517 -20.4043674 -4.6462750 0.0574985 0.0647063 -0.4929744 0.8657270
1658133522.178037 11.5403156 -20.0404682 -4.6385655 0.0602073 0.0704423 -0.4919119 0.8656995
1658133522.978176 11.3343096 -19.6722565 -4.6254668 0.0593120 0.0694731 -0.4930535 0.8651900
1658133523.775516 11.1263819 -19.3049812 -4.6136298 0.0613301 0.0733789 -0.4917432 0.8654726
1658133524.574076 10.9180126 -18.9354782 -4.5973115 0.0617184 0.0688767 -0.4933824 0.8648819
1658133525.372648 10.7122478 -18.5677757 -4.5840855 0.0588033 0.0735385 -0.4930524 0.8648893
1658133526.175543 10.5043030 -18.1959953 -4.5697832 0.0592779 0.0748283 -0.4916076 0.8655685
1658133526.978134 10.2987556 -17.8265724 -4.5565500 0.0559822 0.0738980 -0.4907538 0.8663520
1658133527.774783 10.0929518 -17.4586105 -4.5437865 0.0553551 0.0707033 -0.4919884 0.8659586
1658133528.674744 9.8584175 -17.0448322 -4.5308723 0.0461441 0.0716742 -0.4895886 0.8677768
1658133529.575754 9.6224766 -16.6312141 -4.5244293 0.0504478 0.0635007 -0.4911752 0.8672771
1658133530.375099 9.4142323 -16.2624397 -4.5121875 0.0457446 0.0637594 -0.4909759 0.8676317
1658133531.177286 9.2036953 -15.8909149 -4.5010934 0.0526640 0.0682999 -0.4906848 0.8670583
1658133531.974733 8.9954576 -15.5243483 -4.4914932 0.0563312 0.0611407 -0.4927847 0.8661708
1658133532.874832 8.7617903 -15.1145296 -4.4809599 0.0601654 0.0716042 -0.4915395 0.8658186
1658133533.874665 8.5041161 -14.6565418 -4.4628739 0.0561285 0.0746038 -0.4936383 0.8646416
1658133534.774079 8.2885532 -14.2392979 -4.4834743 0.0649109 0.0767822 -0.4930198 0.8641889
1658133535.673820 8.0584021 -13.8287954 -4.4815879 0.0552881 0.0676806 -0.4952616 0.8643370
1658133536.573001 7.8160882 -13.4278831 -4.4733667 0.0531881 0.0670478 -0.4936504 0.8654391
1658133537.472466 7.5785408 -13.0225973 -4.4642515 0.0538600 0.0731486 -0.4935325 0.8649705
1658133538.673106 7.2616472 -12.4883261 -4.4789648 0.0527350 0.0730539 -0.4910983 0.8664321
1658133539.573547 7.0207334 -12.0865498 -4.4824104 0.0551751 0.0713423 -0.4907456 0.8666226
1658133540.573295 6.7623200 -11.6272106 -4.4990802 0.0569859 0.0652243 -0.4909579 0.8668672
1658133541.472547 6.5206227 -11.2174511 -4.4861817 0.0533452 0.0582407 -0.4914632 0.8673098
1658133542.372277 6.2792830 -10.8137827 -4.4744892 0.0543273 0.0654335 -0.4909839 0.8670074
1658133543.371760 6.0169859 -10.3509483 -4.4648952 0.0546410 0.0679685 -0.4912609 0.8666356
1658133544.473197 5.7247667 -9.8444405 -4.4538593 0.0558234 0.0676420 -0.4910462 0.8667076
1658133545.573480 5.4362617 -9.3405924 -4.4451437 0.0553223 0.0710884 -0.4899572 0.8670800
1658133546.673192 5.1520910 -8.8324099 -4.4468555 0.0532096 0.0619809 -0.4906482 0.8675203
1658133547.672374 4.8922577 -8.3603535 -4.4415660 0.0535123 0.0623075 -0.4929092 0.8661956
1658133548.672832 4.6307721 -7.8885360 -4.4312401 0.0538547 0.0640059 -0.4911682 0.8670390
1658133549.573054 4.3854365 -7.4853754 -4.4081526 0.0556249 0.0656974 -0.4925419 0.8660209
1658133550.571838 4.1317272 -6.9986391 -4.4026790 0.0510044 0.0662656 -0.4934104 0.8657676
1658133551.773753 3.8129210 -6.4343119 -4.3843803 0.0515782 0.0614496 -0.4938790 0.8658217
1658133552.773295 3.5517781 -5.9665756 -4.3731265 0.0486766 0.0712889 -0.4947436 0.8647411
1658133553.774953 3.2847242 -5.5098214 -4.3608022 0.0461472 0.0688396 -0.4928278 0.8661711
1658133554.773593 3.0124047 -5.0585690 -4.3511481 0.0507419 0.0652789 -0.4881624 0.8688276
1658133555.772967 2.7445984 -4.5973287 -4.3426800 0.0555167 0.0661002 -0.4864607 0.8694277
1658133556.773382 2.4769897 -4.1330867 -4.3322964 0.0523151 0.0698808 -0.4886689 0.8680913
1658133557.773831 2.2121861 -3.6723022 -4.3265047 0.0608454 0.0674834 -0.4901362 0.8668969
1658133558.873331 1.9180695 -3.1755264 -4.3210063 0.0560087 0.0672304 -0.4901547 0.8672321
1658133559.873339 1.6531491 -2.7063870 -4.3208537 0.0562935 0.0655162 -0.4899723 0.8674479
1658133561.073688 1.3374287 -2.1396201 -4.3186388 0.0633676 0.0768492 -0.4877361 0.8672902
1658133562.174056 1.0457402 -1.6255875 -4.3142128 0.0576074 0.0706656 -0.4900195 0.8669306
1658133563.270691 0.7516390 -1.1240456 -4.3048263 0.0590314 0.0672053 -0.4908783 0.8666240
1658133564.371299 0.4576020 -0.6138772 -4.2955756 0.0537633 0.0693888 -0.4903152 0.8671134
1658133565.571822 0.1399180 -0.0605298 -4.2779036 -0.0161278 -0.0478610 -0.4930713 0.8685217
1658133566.371134 -0.0305084 0.2363139 -4.2713890 -0.0475996 -0.1182709 -0.4729531 0.8718151
1658133567.471281 -0.0417169 0.5791585 -4.3759623 0.0011220 -0.0963339 -0.5026246 0.8591200
1658133568.270021 -0.2215931 0.3329126 -3.6266756 0.0963036 0.1883770 -0.5026313 0.8382133
1658133569.471631 -0.1355511 0.4444580 -4.2730079 0.0207093 0.0192616 -0.5163742 0.8558959
1658133577.972758 -0.1606861 0.4453740 -4.2763605 -0.0357547 -0.0366106 0.9298437 -0.3643790
1658133579.173483 -0.1454142 0.4710835 -4.2729836 -0.0028463 -0.0342686 0.9951418 0.0922515
1658133581.074030 -0.1499196 0.4567033 -4.2749104 -0.0325830 -0.0429670 0.9782379 0.2003566
1658133584.173857 0.1329491 0.3209617 -4.2663555 -0.0129531 -0.0468136 0.9765736 0.2096300
1658133587.072401 0.2853000 0.2571847 -4.2555890 -0.0029321 -0.0299662 0.9769646 0.2112665
1658133588.370367 0.3037772 0.2570327 -4.2546678 0.0037391 -0.0464813 0.7914069 0.6095086
1658133589.671687 0.3208190 0.2499475 -4.2513533 0.0029063 -0.0252241 0.2461877 0.9688895
1658133591.570431 0.3246705 0.2479883 -4.2377086 0.0250167 -0.0132703 -0.0321304 0.9990824
1658133592.872369 0.3122908 0.2396928 -4.1094537 0.0229707 -0.0086910 -0.0080313 0.9996661
1658133594.173365 0.2749989 0.2199398 -3.8712752 0.0159952 -0.0530920 -0.0047203 0.9984503
1658133596.771968 0.2707744 0.2026930 -3.3445616 -0.0033847 0.0138233 -0.0130799 0.9998132
1658133598.072435 0.2591799 0.1876997 -3.0847199 0.0134413 0.0044783 -0.0252376 0.9995811
1658133599.372222 0.2299500 0.1876484 -2.8187053 0.0068175 -0.0707718 -0.0238939 0.9971830
1658133600.672287 0.2135940 0.1765724 -2.5633066 0.0228127 -0.0478695 -0.0189421 0.9984134
1658133602.173097 0.1946790 0.1535608 -2.2639337 0.0290656 -0.0104938 -0.0014623 0.9995214
1658133603.469829 0.1681307 0.1267741 -2.0021880 0.0431874 -0.0169759 -0.0331036 0.9983741
1658133604.871116 0.1691794 0.1266132 -1.7235022 0.0349394 -0.0166618 -0.0466347 0.9981617
1658133606.171980 0.1560597 0.1217929 -1.4683168 0.0048447 -0.0052018 -0.0054762 0.9999598
1658133607.470709 0.1297496 0.1024900 -1.2290235 0.0239165 -0.0408441 -0.0195278 0.9986883
1658133608.770974 0.1191365 0.0905842 -1.0255896 0.0055140 -0.0111800 -0.0091979 0.9998800
1658133610.072152 0.1080328 0.0858863 -0.8448400 0.0245369 -0.0222839 -0.0042900 0.9994413
1658133611.469550 0.1003416 0.0861228 -0.6750035 -0.0159481 0.0088529 -0.0040260 0.9998255
1658133612.871378 0.0908953 0.0715791 -0.5253624 0.0157133 -0.0145175 -0.0143157 0.9996687
1658133614.468781 0.0889720 0.0616528 -0.3844398 0.0203557 -0.0131637 -0.0220662 0.9994625
