1658132912.497344 0.0000000 0.0000000 0.0000000 0.0000000 0.0000000 0.0000000 1.0000000
1658132913.200911 -0.0055088 0.0014816 -0.0319103 0.0030242 -0.0046482 0.0010958 0.9999840
1658132914.697878 -0.0015104 0.0059792 -0.0285789 -0.0046945 0.0047304 0.0017067 0.9999763
1658132914.898639 -0.0012530 0.0059638 -0.0288507 -0.0031900 0.0020119 0.0018458 0.9999912
1658132918.296011 -0.0020605 0.0046884 -0.0699566 0.0029152 0.0241456 -0.0358032 0.9990629
1658132918.797343 -0.0100308 0.0057011 -0.1398050 0.0031619 0.0299838 -0.0357519 0.9989058
1658132919.295245 -0.0236186 0.0088475 -0.2309326 -0.0065541 0.0172207 -0.0298563 0.9993843
1658132919.898278 -0.0412074 0.0106542 -0.3424130 0.0046078 0.0194160 -0.0252001 0.9994832
1658132920.496032 -0.0589824 0.0112317 -0.4466007 0.0039801 0.0184531 -0.0251102 0.9995064
1658132921.201018 -0.0812626 0.0107880 -0.5659217 0.0070443 0.0194164 -0.0257103 0.9994560
1658132921.798086 -0.1018438 0.0101421 -0.6673074 0.0176454 0.0072930 -0.0263530 0.9994704
1658132922.396625 -0.1203807 0.0115839 -0.7679080 0.0132565 0.0071269 -0.0277498 0.9995016
1658132923.099065 -0.1396702 0.0127998 -0.8855116 0.0178057 0.0115135 -0.0253934 0.9994527
1658132923.697403 -0.1550263 0.0133359 -0.9856383 0.0198670 0.0154756 -0.0260145 0.9993443
1658132924.396134 -0.1732669 0.0162104 -1.1023620 0.0185991 0.0150733 -0.0263204 0.9993669
1658132925.030923 -0.1894417 0.0191052 -1.2029265 0.0168929 0.0120153 -0.0265881 0.9994315
1658132925.797419 -0.2101210 0.0232045 -1.3365597 0.0170755 0.0135241 -0.0270753 0.9993960
1658132926.596776 -0.2320448 0.0273292 -1.4701195 0.0162019 0.0104378 -0.0265622 0.9994614
1658132927.395707 -0.2536367 0.0304128 -1.6033757 0.0175801 0.0102051 -0.0266757 0.9994375
1658132928.295005 -0.2777752 0.0342607 -1.7533351 0.0182061 0.0126719 -0.0266034 0.9993999
1658132929.198951 -0.3009612 0.0389142 -1.9031363 0.0139645 0.0147796 -0.0273794 0.9994183
1658132930.199389 -0.3273894 0.0437696 -2.0696096 0.0148176 0.0160390 -0.0273899 0.9993863
1658132931.198342 -0.3537782 0.0469135 -2.2362719 0.0172387 0.0167469 -0.0266845 0.9993550
1658132932.199008 -0.3810534 0.0506853 -2.4024739 0.0165785 0.0143950 -0.0279419 0.9993684
1658132933.199251 -0.4066833 0.0544695 -2.5693264 0.0158256 0.0181358 -0.0266047 0.9993562
1658132934.198611 -0.4344743 0.0579248 -2.7357097 0.0170957 0.0168261 -0.0267574 0.9993541
1658132936.198355 -0.4899597 0.0660432 -3.0689619 0.0156835 0.0147391 -0.0283772 0.9993656
1658132937.198153 -0.5166562 0.0701390 -3.2363803 0.0151561 0.0181087 -0.0274237 0.9993449
1658132938.198998 -0.5432197 0.0732679 -3.4020641 0.0168921 0.0131925 -0.0266404 0.9994153
1658132939.294681 -0.5635962 0.0756735 -3.4923637 0.0181069 -0.0111554 -0.0147294 0.9996653
1658132949.997082 -0.6288714 0.0564983 -3.4783897 0.0163129 0.0131099 0.1281836 0.9915296
1658132960.293854 -0.6302491 0.0574252 -3.4808974 0.0187567 0.0197072 0.1290047 0.9912707
1658132969.394698 -0.6323559 0.0549783 -3.4781616 0.0254776 0.0112662 0.1297263 0.9911584
1658132973.393716 -0.7311454 0.0395541 -3.4671850 -0.0029524 0.1804990 0.1284351 0.9751491
1658132974.595008 -0.9778397 -0.0195575 -3.4657960 0.0035029 0.0897552 0.1280386 0.9876932
1658132975.795855 -1.3041443 -0.0969186 -3.4678235 -0.0004069 0.0960860 0.1301876 0.9868224
1658132976.996128 -1.6974593 -0.1913342 -3.4697418 0.0029130 0.0935702 0.1287612 0.9872470
1658132978.293199 -2.1956627 -0.3156882 -3.4759450 0.0150712 0.0946039 0.1275025 0.9872012
1658132979.595517 -2.7508304 -0.4549950 -3.4787133 0.0048351 0.0855265 0.1216147 0.9888740
1658132980.896208 -3.3283019 -0.5932349 -3.4824417 -0.0041418 0.0717829 0.1276445 0.9892102
1658132982.096603 -3.8490779 -0.7200071 -3.4880323 -0.0014001 0.0701046 0.1266317 0.9894685
1658132983.393810 -4.4088182 -0.8626071 -3.4931698 0.0064531 0.0631340 0.1252285 0.9900961
1658132984.594201 -4.9242511 -0.9919065 -3.4969878 0.0014317 0.0644681 0.1316559 0.9891959
1658132985.896468 -5.4821138 -1.1341343 -3.5022392 0.0089412 0.0701522 0.1315246 0.9887871
1658132987.096765 -5.9967375 -1.2588367 -3.5078080 -0.0002954 0.0678921 0.1293994 0.9892656
1658132988.493985 -6.5941606 -1.4042420 -3.5142312 0.0038822 0.0667753 0.1356093 0.9885020
1658132989.694206 -7.1093898 -1.5322919 -3.5214446 0.0074209 0.0680059 0.1364161 0.9882868
1658132990.894980 -7.6271529 -1.6618594 -3.5300539 0.0086288 0.0672757 0.1329009 0.9888058
1658132991.896521 -8.0592537 -1.7691135 -3.5348804 0.0076721 0.0598684 0.1297913 0.9897025
1658132992.797283 -8.4455185 -1.8626331 -3.5403216 0.0073216 0.0605820 0.1288182 0.9897889
1658132993.694993 -8.8321810 -1.9560618 -3.5463088 0.0071800 0.0607625 0.1293857 0.9897048
1658132994.494040 -9.1753960 -2.0402462 -3.5520511 0.0079264 0.0599319 0.1288877 0.9898148
1658132995.292624 -9.5172014 -2.1243463 -3.5582099 0.0042163 0.0620797 0.1292456 0.9896585
1658132995.995971 -9.8198633 -2.1983585 -3.5640595 0.0013277 0.0748890 0.1288703 0.9888288
1658132996.796815 -10.1631317 -2.2807462 -3.5689495 -0.0006427 0.0566129 0.1289280 0.9900364
1658132997.594288 -10.5057583 -2.3650088 -3.5748599 0.0055706 0.0623392 0.1293159 0.9896263
1658132998.393836 -10.8467827 -2.4492598 -3.5809090 0.0056528 0.0628824 0.1304321 0.9894450
1658132999.197329 -11.1886225 -2.5332720 -3.5891037 0.0041672 0.0694831 0.1301280 0.9890508
1658132999.996341 -11.5309610 -2.6178033 -3.5980091 0.0045032 0.0678314 0.1250141 0.9898233
1658133000.794988 -11.8738708 -2.7016137 -3.6048274 -0.0033758 0.0670220 0.1274474 0.9895725
1658133001.897109 -12.3457508 -2.8312759 -3.6127834 -0.0689188 0.0494628 0.1636097 0.9828711
1658133002.694444 -12.6715279 -2.9693089 -3.6206539 -0.0967953 0.0345949 0.2323790 0.9671783
1658133003.493215 -12.9667692 -3.1627586 -3.6292076 -0.1148666 0.0196342 0.3195263 0.9403846
1658133004.292292 -13.2194138 -3.4154286 -3.6344664 -0.1150206 -0.0008604 0.4118242 0.9039748
1658133005.195608 -13.4377403 -3.7583125 -3.6416698 -0.1116143 -0.0124629 0.5049545 0.8558083
1658133005.995605 -13.5653734 -4.0970860 -3.6477404 -0.1183793 -0.0190915 0.5846803 0.8023533
1658133006.794563 -13.6234140 -4.4572663 -3.6509144 -0.1008241 -0.0425801 0.6601399 0.7431264
1658133007.594398 -13.6143799 -4.8211861 -3.6546066 -0.0856486 -0.0406977 0.7236974 0.6835716
1658133008.392899 -13.5509882 -5.1809797 -3.6576319 -0.0593934 -0.0239469 0.7691581 0.6358417
1658133009.292397 -13.4461203 -5.5765395 -3.6608489 -0.0316235 0.0032485 0.7879425 0.6149276
1658133010.195385 -13.3389425 -5.9701753 -3.6639740 -0.0237370 0.0088746 0.7878990 0.6152828
1658133011.196198 -13.2271347 -6.4017930 -3.6685412 -0.0299589 0.0149984 0.7868558 0.6162269
1658133012.195958 -13.1224098 -6.8308454 -3.6723919 -0.0323124 0.0169147 0.7878714 0.6147589
1658133013.195897 -13.0209780 -7.2576146 -3.6763604 -0.0363996 0.0165060 0.7862221 0.6166502
1658133014.195619 -12.9215689 -7.6863074 -3.6801791 -0.0383082 0.0148533 0.7875616 0.6148647
1658133015.195963 -12.8194790 -8.1183662 -3.6839409 -0.0322973 0.0136954 0.7859133 0.6173408
1658133016.195171 -12.7171230 -8.5513964 -3.6887193 -0.0322534 0.0144865 0.7855909 0.6177351
1658133017.196670 -12.6161222 -8.9833727 -3.6945639 -0.0332979 0.0159987 0.7866704 0.6162670
1658133018.293128 -12.5058470 -9.4570351 -3.6995397 -0.0299238 0.0069873 0.7883980 0.6143975
1658133019.291574 -12.4046059 -9.8881264 -3.7056670 -0.0410389 0.0103496 0.7874736 0.6148935
1658133020.291800 -12.3019667 -10.3188276 -3.7110119 -0.0296947 0.0176492 0.7878675 0.6148751
1658133021.195290 -12.2107935 -10.7094183 -3.7163737 -0.0327743 0.0140412 0.7866067 0.6164240
1658133022.291546 -12.0998888 -11.1843252 -3.7234938 -0.0313078 0.0122355 0.7865469 0.6166151
1658133023.196059 -12.0095434 -11.5727949 -3.7296214 -0.0316493 0.0166052 0.7868412 0.6161198
1658133024.095195 -11.9186983 -11.9596672 -3.7356730 -0.0338619 0.0127078 0.7873127 0.6154922
1658133024.994732 -11.8274345 -12.3498640 -3.7420654 -0.0295945 0.0100261 0.7858272 0.6176564
1658133025.894283 -11.7374010 -12.7389097 -3.7494447 -0.0345423 0.0118895 0.7864285 0.6166000
1658133026.793988 -11.6469269 -13.1289110 -3.7564225 -0.0291511 0.0062329 0.7854031 0.6182663
1658133027.694845 -11.5569448 -13.5174112 -3.7629614 -0.0297721 0.0084532 0.7851869 0.6184850
1658133028.695456 -11.4547119 -13.9483566 -3.7698886 -0.0280404 0.0081219 0.7854562 0.6182284
1658133029.693990 -11.3515148 -14.3811283 -3.7767341 -0.0287821 0.0075435 0.7871051 0.6161009
1658133030.593064 -11.2591028 -14.7703867 -3.7838717 -0.0270377 0.0104567 0.7864687 0.6169493
1658133031.492482 -11.1662703 -15.1609526 -3.7896943 -0.0172343 0.0040299 0.7875725 0.6159678
1658133032.492362 -11.0659933 -15.5909185 -3.7978144 -0.0263246 0.0107425 0.7882101 0.6147491
1658133033.492010 -10.9654198 -16.0208950 -3.8060384 -0.0232035 0.0097224 0.7875923 0.6156828
1658133034.491963 -10.8647127 -16.4518013 -3.8149986 -0.0273198 0.0053496 0.7869304 0.6164134
1658133035.492941 -10.7641020 -16.8833389 -3.8249390 -0.0233052 0.0053665 0.7865409 0.6170748
1658133036.492497 -10.6625977 -17.3160419 -3.8344352 -0.0178700 0.0017570 0.7864950 0.6173356
1658133037.492419 -10.5612669 -17.7479267 -3.8445067 -0.0264619 0.0062231 0.7858766 0.6177856
1658133038.492590 -10.4595366 -18.1796570 -3.8538685 -0.0206485 0.0057149 0.7865209 0.6171919
1658133039.392047 -10.3691750 -18.5668793 -3.8626020 -0.0250561 0.0067500 0.7857317 0.6180229
1658133040.391642 -10.2687645 -18.9978580 -3.8722472 -0.0233854 0.0064234 0.7875819 0.6157326
1658133041.290802 -10.1781473 -19.3882046 -3.8807681 -0.0195981 0.0013526 0.7884941 0.6147285
1658133042.290768 -10.0767860 -19.8201027 -3.8915882 -0.0230484 0.0028905 0.7864409 0.6172286
1658133043.194886 -9.9864626 -20.2097244 -3.9013817 -0.0223909 0.0054187 0.7861872 0.6175589
1658133044.194613 -9.8857222 -20.6398640 -3.9124439 -0.0230202 0.0045224 0.7868758 0.6166652
1658133045.095951 -9.7949247 -21.0265236 -3.9229410 -0.0216934 0.0087899 0.7875339 0.6158267
1658133045.995740 -9.7036381 -21.4138813 -3.9335661 -0.0300388 0.0131688 0.7880727 0.6147078
1658133046.993377 -9.6019173 -21.8467140 -3.9454110 -0.0257175 0.0066914 0.7828506 0.6216420
1658133047.994987 -9.5003138 -22.2773781 -3.9564040 -0.0178099 0.0062361 0.7877676 0.6156834
1658133048.893487 -9.4099865 -22.6667747 -3.9669018 -0.0269074 -0.0011890 0.7885094 0.6144328
1658133049.893528 -9.3111391 -23.1008930 -3.9790452 -0.0211959 -0.0097544 0.7877608 0.6155393
1658133050.794786 -9.2234793 -23.4896336 -3.9916389 -0.0283621 -0.0097365 0.7876703 0.6153668
1658133051.792645 -9.1250210 -23.9199486 -4.0057135 -0.0306922 -0.0150544 0.7855538 0.6178483
1658133052.693780 -9.0337496 -24.3042469 -4.0198631 -0.0406638 0.0038993 0.7851016 0.6180183
1658133053.694199 -8.9305649 -24.7381287 -4.0316343 -0.0247673 -0.0055223 0.7874228 0.6158909
1658133054.593640 -8.8377085 -25.1249809 -4.0457902 -0.0219757 0.0011558 0.7824934 0.6222699
1658133055.593909 -8.7373447 -25.5539303 -4.0580411 -0.0222062 -0.0030433 0.7812039 0.6238735
1658133056.592142 -8.6340055 -25.9878120 -4.0711427 -0.0251875 -0.0043626 0.7872426 0.6161134
1658133057.591689 -8.5269127 -26.4242973 -4.0840435 -0.0104625 -0.0050543 0.7889704 0.6143214
1658133058.491074 -8.4364891 -26.8108177 -4.0978518 -0.0238995 0.0007844 0.7875513 0.6157849
1658133059.490847 -8.3359480 -27.2397594 -4.1130581 -0.0198751 0.0066546 0.7824459 0.6223658
1658133060.491632 -8.2340527 -27.6705952 -4.1258869 -0.0101190 0.0008135 0.7868802 0.6170223
1658133061.391170 -8.1416130 -28.0591011 -4.1390853 -0.0117217 -0.0057560 0.7839339 0.6207069
1658133062.290226 -8.0529823 -28.4472485 -4.1537662 -0.0191009 -0.0020155 0.7863963 0.6174237
1658133063.289786 -7.9544387 -28.8805599 -4.1687989 -0.0162810 -0.0083837 0.7903153 0.6124266
1658133064.194007 -7.8651748 -29.2718277 -4.1830430 -0.0182705 -0.0116044 0.7909606 0.6114842
1658133065.093236 -7.7751040 -29.6605701 -4.1979980 -0.0089395 -0.0081610 0.7891052 0.6141388
1658133066.092882 -7.6750140 -30.0922852 -4.2151127 -0.0205059 -0.0108905 0.7887861 0.6142291
1658133067.092875 -7.5738297 -30.5245228 -4.2310228 -0.0113099 -0.0155079 0.7869772 0.6166834
1658133068.093809 -7.4713840 -30.9559612 -4.2483721 -0.0097262 -0.0082314 0.7872228 0.6165370
1658133069.094473 -7.3696461 -31.3892479 -4.2638731 -0.0022518 -0.0177193 0.7852708 0.6188948
1658133069.993772 -7.2813163 -31.7763557 -4.2796068 -0.0157263 -0.0204425 0.7855707 0.6182341
1658133070.992645 -7.1805267 -32.2037888 -4.2979670 -0.0162856 -0.0027357 0.7834583 0.6212249
1658133071.992409 -7.0787535 -32.6310120 -4.3140092 -0.0120769 -0.0065149 0.7893400 0.6138029
1658133072.892016 -6.9875488 -33.0138245 -4.3291860 -0.0113855 -0.0096579 0.7856281 0.6185189
1658133073.892708 -6.8895998 -33.4418945 -4.3460741 -0.0189516 -0.0119903 0.7861153 0.6176729
1658133074.892601 -6.7937675 -33.8712425 -4.3640695 -0.0309116 -0.0113449 0.7870145 0.6160551
1658133075.892575 -6.6922112 -34.3032951 -4.3827395 -0.0296267 -0.0088851 0.7879707 0.6149353
1658133076.892072 -6.5875258 -34.7372360 -4.4010367 -0.0156942 -0.0067835 0.7873691 0.6162448
1658133077.891931 -6.4841399 -35.1671562 -4.4206424 -0.0187872 -0.0065447 0.7875129 0.6159770
1658133078.891882 -6.3809586 -35.5962639 -4.4396172 -0.0095948 -0.0038386 0.7859011 0.6182659
1658133079.892492 -6.2819161 -36.0283012 -4.4591937 -0.0165174 -0.0081767 0.7872967 0.6162989
1658133080.892491 -6.1785803 -36.4598923 -4.4790015 -0.0149947 0.0017539 0.7872751 0.6164172
1658133081.892115 -6.0772405 -36.8911934 -4.4985452 -0.0102842 -0.0010281 0.7873761 0.6163863
1658133082.891852 -5.9756265 -37.3209839 -4.5179391 -0.0092159 0.0011208 0.7884872 0.6149811
1658133083.791427 -5.8845415 -37.7088509 -4.5354042 -0.0135408 0.0002286 0.7877181 0.6158870
1658133084.791091 -5.7854862 -38.1409836 -4.5546665 -0.0143923 -0.0057725 0.7862746 0.6176827
1658133085.792839 -5.6877422 -38.5733490 -4.5755587 -0.0116972 -0.0091844 0.7868548 0.6169589
1658133086.691340 -5.5997109 -38.9617348 -4.5947690 -0.0142988 -0.0137973 0.7875014 0.6159925
1658133087.691320 -5.4997673 -39.3904495 -4.6160336 -0.0147292 -0.0060010 0.7867691 0.6170425
1658133088.691047 -5.4007001 -39.8203583 -4.6358957 -0.0146045 -0.0083819 0.7858801 0.6181496
1658133089.691011 -5.3022232 -40.2516365 -4.6566572 -0.0176288 -0.0150845 0.7871929 0.6162702
1658133090.690668 -5.2021265 -40.6827927 -4.6782303 -0.0164649 -0.0178643 0.7881079 0.6150574
1658133091.690378 -5.0995612 -41.1128311 -4.7007079 -0.0079602 -0.0111236 0.7854769 0.6187398
1658133092.590874 -5.0100479 -41.4987831 -4.7209468 -0.0198985 -0.0117227 0.7861602 0.6175912
1658133093.590761 -4.9100742 -41.9277954 -4.7431288 -0.0187652 -0.0109397 0.7843156 0.6199816
1658133094.589652 -4.8123341 -42.3576012 -4.7650294 -0.0221091 -0.0180959 0.7836792 0.6205083
1658133095.592010 -4.7145290 -42.7846756 -4.7892084 -0.0341874 -0.0134792 0.7902656 0.6116616
1658133096.590169 -4.6139107 -43.2150574 -4.8111553 -0.0227642 -0.0192742 0.7850930 0.6186592
1658133097.589832 -4.5106716 -43.6480522 -4.8350320 -0.0271966 -0.0114593 0.7855965 0.6180348
1658133098.589646 -4.4067297 -44.0810547 -4.8581486 -0.0163870 -0.0134272 0.7839153 0.6205063
1658133099.590443 -4.3049212 -44.5134583 -4.8814602 -0.0140574 -0.0122105 0.7853774 0.6187370
1658133100.589586 -4.2011075 -44.9464226 -4.9040356 -0.0123957 -0.0148443 0.7885501 0.6146664
1658133101.590449 -4.0995555 -45.3788109 -4.9274769 -0.0074619 -0.0208764 0.7869106 0.6166687
1658133102.690835 -3.9929152 -45.8459854 -4.9549127 -0.0287417 -0.0092134 0.7865340 0.6168090
1658133103.690097 -3.8955379 -46.2707291 -4.9796453 -0.0289290 -0.0128550 0.7863793 0.6169322
1658133104.690574 -3.7966962 -46.6958618 -5.0057230 -0.0336161 -0.0051015 0.7852573 0.6182352
1658133105.690701 -3.6977165 -47.1257668 -5.0305929 -0.0351013 -0.0073153 0.7858488 0.6173784
1658133106.690587 -3.5891051 -47.5569649 -5.0529757 -0.0551689 -0.0608866 0.7968061 0.5986228
1658133107.690343 -3.4304006 -47.9696579 -5.0772691 -0.0873296 -0.0935882 0.8395059 0.5280575
1658133108.690175 -3.1878912 -48.3418503 -5.0981212 -0.0841714 -0.1201516 0.8893517 0.4330500
1658133109.589585 -2.8942287 -48.6198006 -5.1138105 -0.0795863 -0.1281406 0.9273302 0.3424977
1658133110.488942 -2.5474310 -48.8328209 -5.1257238 -0.0720805 -0.1361504 0.9568219 0.2464939
1658133111.389208 -2.1609025 -48.9720650 -5.1315360 -0.0536888 -0.1514637 0.9761829 0.1457506
1658133112.287946 -1.7581189 -49.0266037 -5.1331749 -0.0562640 -0.1473141 0.9862978 0.0484725
1658133113.389462 -1.2626727 -48.9929199 -5.1304679 -0.0556449 -0.1187507 0.9899295 -0.0533054
1658133114.192197 -0.9074012 -48.9239769 -5.1273384 -0.0623858 -0.0688761 0.9916106 -0.0898467
1658133115.193841 -0.4693158 -48.8276138 -5.1162667 -0.0509454 -0.1119076 0.9873409 -0.1001962
1658133116.091767 -0.0857460 -48.7149391 -5.1059461 -0.0452410 -0.1594258 0.9725113 -0.1635799
1658133116.991897 0.2691348 -48.5383644 -5.0931859 -0.0330091 -0.1898843 0.9451880 -0.2635791
1658133117.890573 0.5718477 -48.2838478 -5.0806503 -0.0211044 -0.2099794 0.8993188 -0.3830001
1658133118.690315 0.7795397 -47.9945030 -5.0636978 -0.0142415 -0.2035772 0.8546529 -0.4774116
1658133119.489468 0.9214033 -47.6649857 -5.0441847 0.0003470 0.2065712 -0.7973684 0.5670379
1658133120.193742 0.9855085 -47.3524513 -5.0235691 -0.0077656 0.1965028 -0.7454055 0.6369435
1658133121.091411 0.9857732 -46.9420319 -4.9978075 -0.0034813 0.1777713 -0.6734912 0.7174920
1658133121.990815 0.9102538 -46.5388031 -4.9735374 0.0225940 0.1445408 -0.6214558 0.7696688
1658133122.789979 0.8132131 -46.1885490 -4.9536142 0.0509715 0.1214019 -0.6030761 0.7867419
1658133123.890902 0.6744590 -45.7100639 -4.9248290 0.0572938 0.1070663 -0.6015223 0.7895728
1658133124.991222 0.5453950 -45.2364769 -4.8986082 0.0708044 0.1070242 -0.6029471 0.7873927
1658133126.191905 0.4094745 -44.7217865 -4.8685594 0.0723356 0.1087510 -0.6025984 0.7872839
1658133127.388378 0.2798301 -44.2067795 -4.8390903 0.0649833 0.0904484 -0.6029648 0.7899556
1658133128.689466 0.1433677 -43.6486893 -4.8086214 0.0622911 0.0908539 -0.6056708 0.7880535
1658133129.990936 0.0065070 -43.0923576 -4.7780938 0.0635009 0.0994480 -0.6030596 0.7889213
1658133131.287302 -0.1289582 -42.5364799 -4.7455335 0.0546959 0.0993928 -0.6037460 0.7890629
1658133132.689683 -0.2675197 -41.9415169 -4.7110806 0.0564988 0.1124674 -0.6075716 0.7842294
1658133133.991871 -0.3992332 -41.3862228 -4.6814232 0.0545670 0.1106334 -0.6091374 0.7834120
1658133135.488449 -0.5540094 -40.7426033 -4.6466231 0.0516404 0.1061257 -0.6093079 0.7841011
1658133136.789062 -0.6923758 -40.1828880 -4.6191974 0.0552357 0.0967233 -0.6049993 0.7883968
1658133138.090917 -0.8324813 -39.6283035 -4.5942216 0.0715723 0.1008651 -0.6034864 0.7877232
1658133139.390223 -0.9693175 -39.0752754 -4.5656981 0.0741726 0.1000140 -0.6047679 0.7866075
1658133140.791337 -1.1150273 -38.4739952 -4.5367827 0.0700918 0.0982837 -0.6055098 0.7866291
1658133142.091426 -1.2469776 -37.9112854 -4.5090079 0.0608966 0.1005974 -0.6051678 0.7873650
1658133143.387245 -1.3809922 -37.3525124 -4.4808893 0.0626319 0.1004784 -0.6065186 0.7862039
1658133144.791600 -1.5251662 -36.7519760 -4.4524431 0.0653230 0.1037175 -0.6058207 0.7861024
1658133146.090232 -1.6556865 -36.1919556 -4.4263897 0.0582636 0.1144560 -0.6041825 0.7864278
1658133147.387252 -1.7897696 -35.6336861 -4.3985128 0.0712933 0.0985048 -0.6100701 0.7829614
1658133148.690731 -1.9256786 -35.0748825 -4.3729820 0.0633585 0.1053597 -0.6069797 0.7851501
1658133149.989087 -2.0611210 -34.5161018 -4.3478231 0.0597866 0.1036955 -0.6063211 0.7861600
1658133151.286599 -2.1956050 -33.9577675 -4.3206944 0.0480019 0.0939406 -0.6092116 0.7859594
1658133152.588116 -2.3305142 -33.3985100 -4.3016410 0.0477949 0.1084534 -0.6081410 0.7849319
1658133153.990250 -2.4725752 -32.7911530 -4.2748437 0.0413508 0.0972316 -0.6087440 0.7862995
1658133155.286237 -2.6109614 -32.2342567 -4.2514677 0.0525127 0.0930267 -0.6069998 0.7874895
1658133156.588351 -2.7504377 -31.6752129 -4.2279639 0.0521990 0.0846775 -0.6075522 0.7880262
1658133157.889275 -2.8861468 -31.1177235 -4.2063718 0.0592785 0.0956994 -0.6077336 0.7861218
1658133159.286192 -3.0293181 -30.5206490 -4.1840672 0.0617248 0.0952103 -0.6053507 0.7878296
1658133160.587483 -3.1648812 -29.9633064 -4.1636333 0.0640307 0.0946344 -0.6057616 0.7873991
1658133161.988787 -3.3088443 -29.3586082 -4.1419663 0.0595304 0.0976511 -0.6058764 0.7872955
1658133163.285902 -3.4449134 -28.8004856 -4.1209183 0.0643207 0.0913916 -0.6064803 0.7872052
1658133164.587564 -3.5820062 -28.2382965 -4.1018009 0.0640626 0.0902617 -0.6055989 0.7880347
1658133165.888869 -3.7192967 -27.6733646 -4.0814576 0.0594858 0.0891653 -0.6071193 0.7873482
1658133167.189410 -3.8548024 -27.1083488 -4.0620742 0.0586109 0.0813323 -0.6077402 0.7877828
1658133168.487888 -3.9875531 -26.5509014 -4.0424595 0.0585976 0.0839768 -0.6074014 0.7877676
1658133169.788412 -4.1199956 -25.9933605 -4.0232034 0.0599657 0.0898453 -0.6073809 0.7870327
1658133171.089628 -4.2556124 -25.4332981 -4.0051847 0.0624915 0.0932076 -0.6053618 0.7880002
1658133172.386145 -4.3885117 -24.8747997 -3.9872329 0.0553825 0.0892197 -0.6066301 0.7880181
1658133173.787612 -4.5327597 -24.2728539 -3.9656463 0.0506396 0.0893271 -0.6074020 0.7877303
1658133175.189754 -4.6807766 -23.6662846 -3.9453688 0.0501146 0.0864787 -0.6087129 0.7870697
1658133176.487902 -4.8193760 -23.1066380 -3.9263511 0.0461476 0.0774141 -0.6083567 0.7885300
1658133177.888435 -4.9641485 -22.5041523 -3.9094481 0.0514015 0.0783351 -0.6076384 0.7886679
1658133179.285578 -5.1109257 -21.9041290 -3.8934960 0.0507574 0.0801821 -0.6071599 0.7888925
1658133180.587290 -5.2485132 -21.3455925 -3.8782554 0.0531062 0.0804649 -0.6071850 0.7886897
1658133181.987883 -5.3943915 -20.7389832 -3.8619194 0.0482582 0.0786374 -0.6073549 0.7890547
1658133183.285254 -5.5300360 -20.1785755 -3.8471990 0.0497267 0.0756805 -0.6075605 0.7890944
1658133184.787185 -5.6859875 -19.5322151 -3.8315251 0.0495375 0.0754753 -0.6088331 0.7881445
1658133186.189592 -5.8324347 -18.9286976 -3.8166602 0.0527237 0.0817681 -0.6063201 0.7892466
1658133187.486622 -5.9688964 -18.3688202 -3.8031712 0.0497433 0.0770810 -0.6078092 0.7887661
1658133188.887782 -6.1136498 -17.7645264 -3.7879856 0.0437990 0.0809880 -0.6076037 0.7888855
1658133190.284930 -6.2597013 -17.1633873 -3.7734914 0.0468102 0.0807138 -0.6080067 0.7884301
1658133191.687339 -6.4089117 -16.5553722 -3.7577386 0.0423401 0.0717185 -0.6082191 0.7893879
1658133193.088772 -6.5590472 -15.9518890 -3.7445023 0.0455145 0.0729356 -0.6078088 0.7894158
1658133194.385974 -6.6948471 -15.3952799 -3.7346642 0.0507491 0.0754980 -0.6078780 0.7888022
1658133195.787024 -6.8416729 -14.7936945 -3.7233918 0.0469810 0.0756731 -0.6065212 0.7900623
1658133197.087852 -6.9767427 -14.2325420 -3.7108433 0.0436668 0.0701538 -0.6083382 0.7893645
1658133198.486362 -7.1204643 -13.6314793 -3.7003555 0.0452411 0.0758134 -0.6079554 0.7890474
1658133199.788068 -7.2558484 -13.0687923 -3.6908045 0.0449093 0.0735361 -0.6066806 0.7902622
1658133201.188419 -7.4045935 -12.4628258 -3.6802180 0.0527451 0.0758276 -0.6082022 0.7883897
1658133202.585695 -7.5522738 -11.8603897 -3.6682894 0.0475799 0.0671432 -0.6087272 0.7891002
1658133203.988181 -7.7004924 -11.2581568 -3.6582475 0.0515559 0.0765228 -0.6083978 0.7882502
1658133205.385932 -7.8442979 -10.6586294 -3.6467810 0.0501015 0.0774932 -0.6080313 0.7885319
1658133206.886925 -8.0020256 -10.0096807 -3.6368372 0.0485120 0.0691728 -0.6083445 0.7891633
1658133208.284265 -8.1471386 -9.4081612 -3.6284359 0.0487045 0.0700152 -0.6070276 0.7900906
1658133209.686555 -8.2938194 -8.8016872 -3.6217294 0.0458337 0.0657573 -0.6075921 0.7901943
1658133211.088071 -8.4392481 -8.1953478 -3.6160264 0.0473861 0.0739688 -0.6073833 0.7895371
1658133212.585630 -8.5973167 -7.5490227 -3.6073627 0.0448789 0.0668361 -0.6082570 0.7896469
1658133214.087382 -8.7540245 -6.9014411 -3.6007428 0.0410641 0.0664135 -0.6088328 0.7894464
1658133215.485645 -8.8877792 -6.2955723 -3.5971415 0.0889493 0.0304187 -0.6321987 0.7690822
1658133216.987218 -8.8784943 -5.6310086 -3.5883560 0.1378172 -0.0545141 -0.7613043 0.6312294
1658133218.485108 -8.5400124 -5.0612898 -3.5777669 -0.1083781 0.0919385 0.9050984 -0.4007474
1658133219.986582 -7.9335566 -4.7449050 -3.5656247 -0.0639320 0.0888517 0.9828150 -0.1486360
1658133221.386162 -7.2897544 -4.7149277 -3.5528936 -0.0499957 0.0166812 0.9986092 0.0013349
1658133222.786191 -6.6558952 -4.7816682 -3.5432866 -0.0439030 -0.0274311 0.9983732 0.0238944
1658133224.187491 -6.0389352 -4.8669066 -3.5383127 -0.0387843 0.0396003 0.9946747 0.0868893
1658133225.685386 -5.4119740 -5.0881653 -3.5336142 -0.0276007 0.0538058 0.9759172 0.2095921
1658133227.087502 -4.8911319 -5.4364142 -3.5327847 -0.0188824 0.0556494 0.9463994 0.3176079
1658133228.484991 -4.4653530 -5.8933091 -3.5343418 -0.0115412 0.0612113 0.9064922 0.4176024
1658133229.785845 -4.1688066 -6.3975773 -3.5378168 -0.0026175 0.0643776 0.8542330 0.5158824
1658133231.187342 -3.9703157 -6.9966869 -3.5423102 -0.0234754 0.0305729 0.8029937 0.5947397
1658133232.585449 -3.8276818 -7.6047821 -3.5483959 -0.0389434 0.0063464 0.7956952 0.6044108
1658133233.886521 -3.6867096 -8.1623325 -3.5558753 -0.0367620 0.0077846 0.7952186 0.6051573
1658133235.384075 -3.5163269 -8.8037529 -3.5649769 -0.0365343 0.0105701 0.7963444 0.6036465
1658133236.584566 -3.3775868 -9.3192997 -3.5715535 -0.0276312 0.0042745 0.7958321 0.6048715
1658133237.885594 -3.2264066 -9.8761597 -3.5795884 -0.0326867 0.0045481 0.7964369 0.6038204
1658133239.087060 -3.0879714 -10.3898277 -3.5896323 -0.0331198 0.0050928 0.7956594 0.6048168
1658133240.484581 -2.9263697 -10.9899645 -3.5994952 -0.0331054 0.0044198 0.7966657 0.6034967
1658133241.785487 -2.7776833 -11.5489759 -3.6096897 -0.0349217 0.0052086 0.7950335 0.6055369
1658133243.086209 -2.6299379 -12.1031809 -3.6195512 -0.0382377 0.0068258 0.7947490 0.6056941
1658133244.484556 -2.4703979 -12.6994686 -3.6289139 -0.0417489 0.0037189 0.7960680 0.6037542
1658133245.785532 -2.3193426 -13.2568054 -3.6391678 -0.0382579 0.0053102 0.7955627 0.6046388
1658133246.986139 -2.1788771 -13.7724800 -3.6494100 -0.0375748 0.0056733 0.7956597 0.6045508
1658133248.282665 -2.0293028 -14.3267574 -3.6625042 -0.0434114 0.0123776 0.7958986 0.6037447
1658133249.685053 -1.8689827 -14.9266682 -3.6752801 -0.0351768 0.0045501 0.7937928 0.6071531
1658133250.987807 -1.7189174 -15.4843836 -3.6905820 -0.0415419 0.0087797 0.7936853 0.6068450
1658133252.282613 -1.5708462 -16.0434532 -3.7029858 -0.0358019 0.0010214 0.7987384 0.6006115
1658133253.586426 -1.4196359 -16.6033535 -3.7153587 -0.0347571 0.0031649 0.7972248 0.6026728
1658133254.785179 -1.2824087 -17.1190491 -3.7264216 -0.0320719 -0.0028450 0.7943447 0.6066133
1658133256.186448 -1.1222962 -17.7193356 -3.7415791 -0.0421557 0.0034384 0.7958423 0.6040248
1658133257.485947 -0.9750825 -18.2749119 -3.7536581 -0.0397226 -0.0079490 0.7982409 0.6009745
1658133258.784822 -0.8257986 -18.8307667 -3.7674568 -0.0383948 0.0020806 0.7996018 0.5992983
1658133260.086198 -0.6771092 -19.3918018 -3.7788167 -0.0331109 -0.0047150 0.7935256 0.6076172
1658133261.282076 -0.5362559 -19.9048042 -3.7955413 -0.0283865 0.0018339 0.7934964 0.6079099
1658133262.583426 -0.3857805 -20.4632149 -3.8092947 -0.0337498 -0.0007830 0.7962856 0.6039782
1658133263.784830 -0.2457470 -20.9759312 -3.8250508 -0.0312897 0.0024254 0.7962543 0.6041475
1658133264.985590 -0.1077736 -21.4884243 -3.8399804 -0.0295844 0.0022398 0.7949687 0.6059245
1658133266.282030 0.0394426 -22.0449982 -3.8589754 -0.0291160 -0.0058848 0.7949418 0.6059581
1658133267.483112 0.1751889 -22.5607586 -3.8758361 -0.0272483 -0.0048906 0.7943102 0.6068814
1658133268.683374 0.3117569 -23.0737667 -3.8911746 -0.0298907 -0.0022056 0.7946933 0.6062708
1658133269.884979 0.4497744 -23.5882244 -3.9068873 -0.0343711 -0.0023290 0.7957373 0.6046613
1658133271.084788 0.5889158 -24.1037655 -3.9236574 -0.0368620 0.0045493 0.7934793 0.6074629
1658133272.282034 0.7265337 -24.6186619 -3.9386539 -0.0301724 0.0003272 0.7956660 0.6049836
1658133273.482678 0.8645604 -25.1329174 -3.9537411 -0.0332853 -0.0023366 0.7961308 0.6042039
1658133274.684799 1.0020992 -25.6456203 -3.9701335 -0.0321590 0.0014299 0.7960145 0.6044208
1658133275.886449 1.1395962 -26.1610222 -3.9872203 -0.0361284 0.0011662 0.7957200 0.6045850
1658133277.085582 1.2753291 -26.6780205 -4.0066733 -0.0302295 -0.0058311 0.7957760 0.6048080
1658133278.281505 1.4130558 -27.1896114 -4.0269270 -0.0270486 -0.0023807 0.7967852 0.6036523
1658133279.482530 1.5525689 -27.7030239 -4.0475893 -0.0249026 0.0025927 0.7958636 0.6049581
1658133280.683318 1.6881496 -28.2175789 -4.0651326 -0.0242157 -0.0010341 0.7954183 0.6055759
1658133281.884660 1.8252735 -28.7346325 -4.0826731 -0.0217762 0.0008156 0.7963104 0.6044956
1658133283.085107 1.9629484 -29.2476082 -4.1031628 -0.0243972 0.0011016 0.7954016 0.6055906
1658133284.282117 2.0987613 -29.7600689 -4.1241417 -0.0224778 0.0011590 0.7951971 0.6059331
1658133285.482836 2.2359223 -30.2753735 -4.1438890 -0.0204259 0.0007149 0.7957006 0.6053452
1658133286.683064 2.3721600 -30.7906685 -4.1633420 -0.0172094 -0.0045411 0.7960805 0.6049290
1658133287.883382 2.5066478 -31.3033905 -4.1844878 -0.0252740 -0.0052291 0.7946243 0.6065527
1658133289.084874 2.6440954 -31.8156204 -4.2062860 -0.0246614 -0.0034226 0.7950904 0.6059797
1658133290.185025 2.7684290 -32.2851219 -4.2256441 -0.0246744 -0.0000097 0.7941371 0.6072375
1658133291.381718 2.9058273 -32.7975464 -4.2464380 -0.0164912 -0.0079642 0.7940899 0.6075243
1658133292.582253 3.0407124 -33.3097572 -4.2696409 -0.0286227 -0.0065992 0.7937654 0.6075143
1658133293.883150 3.1892676 -33.8643990 -4.2967000 -0.0238184 -0.0059723 0.7922843 0.6096578
1658133295.185157 3.3347111 -34.4237785 -4.3221126 -0.0256025 -0.0088520 0.7932323 0.6083163
1658133296.482216 3.4789550 -34.9825516 -4.3446574 -0.0209094 -0.0144840 0.7939099 0.6075032
1658133297.782976 3.6270802 -35.5379524 -4.3687401 -0.0320173 -0.0043075 0.7942119 0.6067815
1658133299.084055 3.7749658 -36.0937080 -4.3932643 -0.0295796 -0.0021768 0.7945151 0.6065197
1658133300.280676 3.9129324 -36.6077118 -4.4162884 -0.0245934 -0.0036351 0.7947857 0.6063808
1658133301.482359 4.0512419 -37.1247406 -4.4410515 -0.0150015 -0.0093035 0.7965406 0.6043273
1658133302.682746 4.1894670 -37.6372528 -4.4668708 -0.0185066 0.0006035 0.7942598 0.6072960
1658133303.883306 4.3238649 -38.1520729 -4.4922218 -0.0165902 -0.0079387 0.7962004 0.6047534
1658133305.083661 4.4588056 -38.6648140 -4.5173693 -0.0174602 -0.0074888 0.7957127 0.6053762
1658133306.184907 4.5813136 -39.1335297 -4.5413747 -0.0256856 -0.0033887 0.7943130 0.6069560
1658133307.381468 4.7165828 -39.6453934 -4.5651021 -0.0210657 -0.0045907 0.7959777 0.6049418
1658133308.582600 4.8512836 -40.1570015 -4.5907817 -0.0236931 -0.0045966 0.7923520 0.6095865
1658133309.682239 4.9721308 -40.6253166 -4.6161385 -0.0229087 -0.0061946 0.7945650 0.6067152
1658133310.481550 5.0618029 -40.9662781 -4.6338887 -0.0235906 -0.0097839 0.7948475 0.6062715
1658133311.280121 5.1520896 -41.3084335 -4.6518764 -0.0151251 -0.0129870 0.7944516 0.6070002
1658133312.183706 5.2537746 -41.6936951 -4.6746325 -0.0217177 -0.0096892 0.7946576 0.6065918
1658133313.084249 5.3571434 -42.0757408 -4.6970396 -0.0219165 -0.0093095 0.7945105 0.6067833
1658133313.983589 5.4601383 -42.4589996 -4.7186661 -0.0214253 -0.0073107 0.7947631 0.6064973
1658133314.883017 5.5599236 -42.8441048 -4.7384868 -0.0191616 -0.0098050 0.7950392 0.6061760
1658133315.782446 5.6620102 -43.2291145 -4.7575555 -0.0189588 -0.0105156 0.7946548 0.6066743
1658133316.782875 5.7741027 -43.6574326 -4.7800422 -0.0154490 -0.0142587 0.7946578 0.6066935
1658133317.781827 5.8861074 -44.0830727 -4.8042517 -0.0205055 -0.0130022 0.7927679 0.6090399
1658133318.781955 5.9962764 -44.5084038 -4.8286204 -0.0213509 -0.0146880 0.7934764 0.6080490
1658133319.682488 6.0964484 -44.8934021 -4.8500843 -0.0305332 -0.0371738 0.7948060 0.6049539
1658133320.581868 6.2173314 -45.2703133 -4.8705711 -0.0605046 -0.0775953 0.8167646 0.5685189
1658133321.782511 6.4654870 -45.7358742 -4.8987212 -0.0707416 -0.1249429 0.8722594 0.4674917
1658133323.083391 6.8811674 -46.1349182 -4.9233766 -0.0692023 -0.1445360 0.9326237 0.3233161
1658133324.279818 7.3665547 -46.3736305 -4.9392700 -0.0617526 -0.1529819 0.9682173 0.1879853
1658133325.482366 7.9013524 -46.4658737 -4.9470439 -0.0510583 -0.1571002 0.9851652 0.0464981
1658133326.581822 8.3973408 -46.4245262 -4.9459829 -0.0434494 -0.1355990 0.9876471 -0.0654083
1658133327.480824 8.7878914 -46.3290939 -4.9417176 -0.0559677 -0.0844333 0.9880645 -0.1160482
1658133328.781438 9.3446932 -46.1683311 -4.9343762 -0.0502023 -0.1058485 0.9839548 -0.1345686
1658133329.481274 9.6366930 -46.0673256 -4.9290280 -0.0425514 -0.1449452 0.9725167 -0.1771767
1658133330.480721 10.0256891 -45.8648148 -4.9176750 -0.0344992 -0.1821172 0.9431700 -0.2758142
1658133331.082831 10.2326717 -45.6988869 -4.9111271 -0.0313407 -0.1930400 0.9178185 -0.3454889
1658133331.882269 10.4651670 -45.4274025 -4.8968616 -0.0067623 -0.1899897 0.8776329 -0.4400211
1658133332.584110 10.6191797 -45.1526184 -4.8822675 -0.0006592 0.1823348 -0.8365119 0.5167218
1658133333.279520 10.7211008 -44.8546143 -4.8654819 -0.0066524 0.1761923 -0.7898130 0.5874586
1658133334.083099 10.7731514 -44.4937782 -4.8458166 -0.0146398 0.1690059 -0.7254831 0.6670060
1658133334.781931 10.7605448 -44.1763268 -4.8265920 -0.0156848 0.1550356 -0.6712552 0.7246616
1658133335.581365 10.6914654 -43.8193665 -4.8061895 0.0126775 0.1276930 -0.6218081 0.7725856
1658133336.580842 10.5606699 -43.3849525 -4.7811418 0.0510173 0.0858689 -0.5975469 0.7955888
1658133337.580552 10.4308748 -42.9571075 -4.7540483 0.0592683 0.0852525 -0.5991536 0.7938730
1658133338.682466 10.3013744 -42.4877434 -4.7248540 0.0556323 0.0892374 -0.5986969 0.7940426
1658133339.782886 10.1759386 -42.0190468 -4.6964583 0.0540222 0.0877612 -0.5987779 0.7942573
1658133340.984962 10.0429087 -41.5062523 -4.6680746 0.0608677 0.1034856 -0.5984285 0.7921296
1658133342.182757 9.9095306 -40.9940720 -4.6370549 0.0572850 0.0921979 -0.5999120 0.7926686
1658133343.379600 9.7747669 -40.4870491 -4.6052122 0.0586558 0.0859857 -0.6034641 0.7905675
1658133344.581020 9.6425381 -39.9800835 -4.5766063 0.0593917 0.0973895 -0.6003244 0.7915798
1658133345.480472 9.5449533 -39.5989838 -4.5560856 0.0605775 0.0960552 -0.6003228 0.7916541
1658133346.680945 9.4128828 -39.0858879 -4.5286317 0.0556198 0.0936371 -0.6016402 0.7913075
1658133347.580599 9.3141718 -38.7027359 -4.5079122 0.0558354 0.0960718 -0.6012589 0.7912903
1658133348.480435 9.2166939 -38.3213882 -4.4879136 0.0616215 0.0974358 -0.6008694 0.7909899
1658133349.479583 9.1053476 -37.8949242 -4.4655132 0.0601794 0.0923319 -0.6015242 0.7912154
1658133350.681194 8.9723244 -37.3812218 -4.4376259 0.0565068 0.0923710 -0.6014847 0.7915117
1658133351.881802 8.8396139 -36.8654518 -4.4099522 0.0519716 0.0819288 -0.6021138 0.7924933
1658133353.082261 8.7092390 -36.3540268 -4.3836617 0.0563035 0.0879345 -0.6013691 0.7921190
1658133353.981697 8.6113491 -35.9736595 -4.3645864 0.0572156 0.0931601 -0.6013498 0.7914708
1658133354.881236 8.5121965 -35.5904808 -4.3468447 0.0579070 0.0848527 -0.6022230 0.7916907
1658133355.783453 8.4126863 -35.2055931 -4.3291483 0.0571022 0.0884025 -0.6012110 0.7921298
1658133356.680698 8.3138332 -34.8200455 -4.3086195 0.0549761 0.0827436 -0.6025587 0.7918676
1658133357.580535 8.2159929 -34.4384689 -4.2911544 0.0587280 0.0964163 -0.6013919 0.7909379
1658133358.580336 8.1102629 -34.0161896 -4.2696533 0.0580188 0.1008585 -0.6015047 0.7903502
1658133359.582006 8.0031815 -33.5911751 -4.2484474 0.0538442 0.0936833 -0.6006033 0.7922120
1658133360.479579 7.9033718 -33.2071266 -4.2340689 0.0544871 0.0878741 -0.6025845 0.7913288
1658133361.378859 7.8017936 -32.8212967 -4.2153845 0.0496936 0.0729303 -0.6043468 0.7918186
1658133362.280544 7.7013721 -32.4360275 -4.1977839 0.0559186 0.0729344 -0.6039830 0.7916806
1658133362.983424 7.6241245 -32.1348381 -4.1835184 0.0505076 0.0815009 -0.6028911 0.7920410
1658133363.781105 7.5376492 -31.7935886 -4.1685138 0.0453028 0.0763710 -0.6028944 0.7928641
1658133364.682098 7.4418559 -31.4106140 -4.1533704 0.0485611 0.0805774 -0.6007255 0.7939005
1658133365.579918 7.3445501 -31.0294514 -4.1399517 0.0635322 0.1015908 -0.6008514 0.7903294
1658133366.479794 7.2472973 -30.6486263 -4.1198316 0.0533285 0.0769242 -0.6041166 0.7913797
1658133367.278092 7.1598182 -30.3086224 -4.1062064 0.0552982 0.0776465 -0.6057190 0.7899479
1658133368.182279 7.0615344 -29.9223423 -4.0909476 0.0547469 0.0847520 -0.6025327 0.7916907
1658133368.981783 6.9753294 -29.5807152 -4.0741677 0.0537502 0.0801867 -0.6044097 0.7908033
1658133369.781479 6.8889918 -29.2419071 -4.0586720 0.0566823 0.0838937 -0.6031348 0.7911873
1658133370.680244 6.7911654 -28.8597488 -4.0421720 0.0565166 0.0812881 -0.6037171 0.7910270
1658133371.479275 6.7035584 -28.5182705 -4.0270777 0.0489257 0.0734345 -0.6035482 0.7924287
1658133372.378749 6.6053362 -28.1353340 -4.0119543 0.0504787 0.0760603 -0.6034734 0.7921405
1658133373.181631 6.5205059 -27.7935848 -3.9983764 0.0516155 0.0804713 -0.6027763 0.7921622
1658133373.980685 6.4344444 -27.4533520 -3.9854476 0.0532890 0.0832420 -0.6024349 0.7920248
1658133374.881111 6.3358517 -27.0706062 -3.9726019 0.0522324 0.0803768 -0.6019810 0.7927359
1658133375.680329 6.2485275 -26.7309284 -3.9623125 0.0559206 0.0808292 -0.6025553 0.7920017
1658133376.579724 6.1515493 -26.3469658 -3.9491665 0.0517524 0.0741475 -0.6031876 0.7924573
1658133377.378659 6.0670204 -26.0075130 -3.9384358 0.0555888 0.0878392 -0.6035966 0.7904842
1658133378.181655 5.9816494 -25.6664124 -3.9266710 0.0537569 0.0859954 -0.6033840 0.7909758
1658133379.181748 5.8759098 -25.2395496 -3.9122031 0.0480619 0.0867025 -0.6037148 0.7910128
1658133380.080902 5.7797933 -24.8569813 -3.8980150 0.0462789 0.0833172 -0.6044754 0.7909020
1658133380.981445 5.6848607 -24.4740524 -3.8887084 0.0547562 0.1040886 -0.6016676 0.7900401
1658133381.880730 5.5896978 -24.0917339 -3.8753932 0.0432504 0.0947584 -0.6056773 0.7888633
1658133382.680044 5.5048051 -23.7520905 -3.8642788 0.0355097 0.0894005 -0.6027809 0.7920870
1658133383.479586 5.4154286 -23.4125843 -3.8553221 0.0463622 0.0877044 -0.6017400 0.7925071
1658133384.277839 5.3270144 -23.0722885 -3.8430760 0.0431964 0.0823561 -0.6038616 0.7916456
1658133385.080813 5.2381892 -22.7301407 -3.8333080 0.0435012 0.0849099 -0.6032887 0.7917959
1658133385.981132 5.1412382 -22.3448277 -3.8219306 0.0401003 0.0929996 -0.6015154 0.7924155
1658133386.881059 5.0440936 -21.9611073 -3.8100612 0.0381140 0.0890279 -0.6026112 0.7921370
1658133387.780031 4.9476099 -21.5805187 -3.7995434 0.0461841 0.0912322 -0.6041093 0.7903136
1658133388.679673 4.8496628 -21.2005844 -3.7884984 0.0476342 0.0940347 -0.6031089 0.7906631
1658133389.680127 4.7409587 -20.7742195 -3.7742388 0.0392632 0.0868116 -0.6038353 0.7913944
1658133390.579352 4.6413450 -20.3905506 -3.7657399 0.0415736 0.0882278 -0.6036233 0.7912815
1658133391.578198 4.5300474 -19.9609871 -3.7552812 0.0320869 0.0762680 -0.6045709 0.7922422
1658133392.479594 4.4337015 -19.5771732 -3.7484653 0.0305284 0.0934045 -0.6007596 0.7933671
1658133393.479003 4.3265443 -19.1528130 -3.7388625 0.0406306 0.0814268 -0.6000749 0.7947509
1658133394.378052 4.2264671 -18.7674465 -3.7265410 0.0379015 0.0745020 -0.6050520 0.7917860
1658133395.276870 4.1268401 -18.3819103 -3.7152171 0.0363715 0.0674104 -0.6055937 0.7920791
1658133396.277038 4.0167689 -17.9542618 -3.7041214 0.0379620 0.0678382 -0.6055983 0.7919644
1658133397.477812 3.8866529 -17.4442558 -3.6910391 0.0390555 0.0694766 -0.6057814 0.7916290
1658133398.378144 3.7915707 -17.0635681 -3.6829488 0.0434576 0.0803525 -0.6045058 0.7913455
1658133399.276683 3.6970041 -16.6817322 -3.6758265 0.0339263 0.0758989 -0.6050829 0.7918100
1658133400.276770 3.5908501 -16.2568016 -3.6676631 0.0370090 0.0782494 -0.6039360 0.7923186
1658133401.276700 3.4824498 -15.8300581 -3.6598516 0.0350921 0.0709305 -0.6055198 0.7918858
1658133402.276923 3.3731728 -15.4025707 -3.6534779 0.0315812 0.0620415 -0.6034146 0.7943830
1658133403.180534 3.2736731 -15.0154667 -3.6431413 0.0320379 0.0657023 -0.6038225 0.7937602
1658133404.377957 3.1449022 -14.5038099 -3.6330695 0.0341705 0.0691740 -0.6073237 0.7906992
1658133405.377037 3.0369296 -14.0780611 -3.6250863 0.0335142 0.0693428 -0.6075264 0.7905568
1658133406.378286 2.9280849 -13.6532040 -3.6211724 0.0362999 0.0682526 -0.6054415 0.7921265
1658133407.377327 2.8200915 -13.2306566 -3.6166081 0.0435736 0.0683361 -0.6059921 0.7913312
1658133408.377093 2.7124729 -12.8065472 -3.6087112 0.0346153 0.0688844 -0.6042653 0.7930449
1658133409.376977 2.6068575 -12.3811712 -3.6002321 0.0356755 0.0742839 -0.6052485 0.7917597
1658133410.377726 2.5021482 -11.9561472 -3.5925448 0.0365326 0.0853966 -0.6094611 0.7873563
1658133411.377718 2.3949397 -11.5301895 -3.5883577 0.0350251 0.0764588 -0.6067045 0.7904663
1658133412.377216 2.2874274 -11.1064692 -3.5848303 0.0378332 0.0826320 -0.6037487 0.7919773
1658133413.379317 2.1794651 -10.6820269 -3.5791385 0.0402796 0.0832949 -0.6042365 0.7914150
1658133414.477015 2.0607963 -10.2135649 -3.5734606 0.0455921 0.0852690 -0.6039048 0.7911697
1658133415.477807 1.9507334 -9.7880211 -3.5686431 0.0486800 0.0798441 -0.6026262 0.7925256
1658133416.477735 1.8405101 -9.3584394 -3.5620024 0.0377462 0.0738753 -0.6046069 0.7921920
1658133417.479389 1.7306759 -8.9321928 -3.5584834 0.0451936 0.0786033 -0.6042734 0.7916014
1658133418.577783 1.6099051 -8.4621172 -3.5540347 0.0427525 0.0768089 -0.6045455 0.7917054
1658133419.577568 1.5014712 -8.0337868 -3.5508475 0.0384807 0.0805288 -0.6051499 0.7910929
1658133420.577487 1.3922931 -7.6058574 -3.5499964 0.0504103 0.0657993 -0.6072715 0.7901586
1658133421.678276 1.2946726 -7.1243639 -3.5458617 0.0877085 0.0106592 -0.6451248 0.7589517
1658133422.678305 1.2906688 -6.6813817 -3.5436208 0.1193976 -0.0317730 -0.7277482 0.6746238
1658133423.678171 1.4229860 -6.2567291 -3.5381224 0.1148150 -0.0665858 -0.8269258 0.5464225
1658133424.578140 1.6609505 -5.9273453 -3.5327680 -0.1012055 0.0784116 0.8963172 -0.4245285
1658133425.477490 1.9882197 -5.6777573 -3.5265021 -0.0780221 0.0945249 0.9498895 -0.2875544
1658133426.376383 2.3744421 -5.5309782 -3.5198421 -0.0575119 0.0772624 0.9828025 -0.1575506
1658133427.476688 2.8741791 -5.4700289 -3.5132947 -0.0403792 0.0201337 0.9974723 -0.0548911
1658133428.477272 3.3260319 -5.4711509 -3.5088584 -0.0351247 -0.0199260 0.9988511 -0.0258007
1658133429.478803 3.7678711 -5.4851737 -3.5072393 -0.0418654 0.0265035 0.9987425 0.0076332
1658133430.476884 4.2038383 -5.5492535 -3.5054686 -0.0342720 0.0550013 0.9938353 0.0899539
1658133431.577002 4.6635680 -5.7105689 -3.5036838 -0.0186487 0.0696055 0.9780626 0.1954501
1658133432.576799 5.0391917 -5.9419465 -3.5040152 -0.0204249 0.0681284 0.9562685 0.2837107
1658133433.676981 5.3989611 -6.2768822 -3.5044248 -0.0064337 0.0740412 0.9223010 0.3792590
1658133434.878727 5.7033887 -6.7199173 -3.5063548 0.0048021 0.0767224 0.8724138 0.4826849
1658133435.978947 5.8881979 -7.1749282 -3.5101986 -0.0059370 0.0714063 0.8194372 0.5686727
1658133437.179229 6.0100651 -7.6964898 -3.5144248 -0.0304663 0.0228793 0.7884965 0.6138580
1658133438.476168 6.1269441 -8.2570162 -3.5198247 -0.0380420 0.0145229 0.7892573 0.6127110
1658133439.777434 6.2571979 -8.8136625 -3.5263405 -0.0344690 0.0175838 0.7885864 0.6137052
1658133441.079093 6.3943534 -9.3689327 -3.5354424 -0.0366503 0.0304640 0.7858759 0.6165450
1658133442.376073 6.5269232 -9.9207315 -3.5410275 -0.0415683 0.0212136 0.7861558 0.6162638
1658133443.677137 6.6622701 -10.4775629 -3.5465088 -0.0326924 0.0160177 0.7892109 0.6130424
1658133444.978091 6.7943926 -11.0359240 -3.5545774 -0.0447531 0.0117587 0.7878359 0.6141445
1658133446.274932 6.9287658 -11.5937252 -3.5630372 -0.0356304 0.0046976 0.7868416 0.6161076
1658133447.577685 7.0670142 -12.1513157 -3.5735638 -0.0161454 0.0080804 0.7843009 0.6201178
1658133448.877831 7.2070270 -12.7086725 -3.5812905 -0.0245695 0.0110525 0.7889822 0.6138252
1658133450.178600 7.3466067 -13.2651796 -3.5907123 -0.0292859 0.0116417 0.7912267 0.6107102
1658133451.475660 7.4816790 -13.8175983 -3.6007957 -0.0236308 0.0061394 0.7906687 0.6117572
1658133452.778024 7.6146903 -14.3706493 -3.6141975 -0.0300154 0.0151406 0.7781452 0.6271842
1658133454.078732 7.7502079 -14.9290905 -3.6249523 -0.0300695 0.0127730 0.7921879 0.6094022
1658133455.274731 7.8776693 -15.4420605 -3.6355796 -0.0287013 0.0138396 0.7934508 0.6077996
1658133456.575918 8.0169334 -16.0004539 -3.6486301 -0.0181468 0.0104507 0.7923999 0.6096424
1658133457.877110 8.1515436 -16.5561867 -3.6635590 -0.0224065 0.0126307 0.7911798 0.6110425
1658133459.179034 8.2867737 -17.1157246 -3.6775169 -0.0240445 0.0072909 0.7922469 0.6096832
1658133460.375553 8.4112625 -17.6282635 -3.6919098 -0.0290422 0.0049044 0.7899853 0.6124179
1658133461.577296 8.5344782 -18.1395187 -3.7098653 -0.0287537 0.0033158 0.7854158 0.6182914
1658133462.776857 8.6591997 -18.6535244 -3.7228870 -0.0412059 0.0116514 0.7879876 0.6142001
1658133464.077485 8.7999020 -19.2123985 -3.7380133 -0.0378752 0.0147337 0.7901641 0.6115465
1658133465.375371 8.9376631 -19.7723103 -3.7490809 -0.0276438 0.0091148 0.7877777 0.6152716
1658133466.475598 9.0536900 -20.2472115 -3.7605250 -0.0202692 0.0022037 0.7887706 0.6143495
1658133467.576422 9.1694088 -20.7179489 -3.7764924 -0.0352301 0.0132008 0.7868736 0.6159663
1658133468.676467 9.2853518 -21.1908188 -3.7892923 -0.0334100 0.0093247 0.7895306 0.6127301
1658133469.675790 9.3924780 -21.6209393 -3.8024030 -0.0264181 0.0064545 0.7875977 0.6155894
1658133470.677176 9.4999285 -22.0465050 -3.8170416 -0.0274825 0.0148259 0.7893185 0.6131893
1658133471.375260 9.5747814 -22.3455715 -3.8276625 -0.0265212 0.0090483 0.7896619 0.6129019
1658133472.575054 9.7035017 -22.8583946 -3.8463750 -0.0268575 0.0139912 0.7893794 0.6131583
1658133473.273862 9.7762852 -23.1573772 -3.8579371 -0.0341408 0.0116068 0.7911217 0.6105949
1658133474.077739 9.8582106 -23.5034065 -3.8694050 -0.0184179 -0.0014934 0.7914638 0.6109366
1658133474.876424 9.9406357 -23.8484459 -3.8789363 -0.0363263 -0.0002210 0.7906575 0.6111801
1658133475.575248 10.0175982 -24.1501446 -3.8894269 -0.0163343 0.0053639 0.7945039 0.6070156
1658133476.273704 10.0913639 -24.4507771 -3.9032741 -0.0217292 -0.0004621 0.7910625 0.6113491
1658133476.976885 10.1642227 -24.7520657 -3.9169893 -0.0304757 0.0029980 0.7882207 0.6146303
1658133477.776543 10.2512960 -25.0963058 -3.9289525 -0.0154839 0.0009572 0.7881707 0.6152612
1658133478.575593 10.3353424 -25.4376392 -3.9418192 -0.0224751 0.0009961 0.7895409 0.6132855
1658133479.474648 10.4285307 -25.8200264 -3.9585576 -0.0322985 0.0020754 0.7885904 0.6140665
1658133480.273660 10.5115166 -26.1599541 -3.9725955 -0.0312253 0.0022887 0.7894428 0.6130251
1658133481.177475 10.6068459 -26.5479622 -3.9883065 -0.0243541 0.0077535 0.7879505 0.6152079
1658133482.076452 10.7008047 -26.9340630 -4.0062299 -0.0210695 0.0043243 0.7885126 0.6146423
1658133482.875895 10.7837849 -27.2745228 -4.0218234 -0.0424254 -0.0196683 0.7909732 0.6100612
1658133483.776406 10.8979235 -27.6540604 -4.0367622 -0.0641592 -0.0570119 0.8137141 0.5748935
1658133484.675943 11.0647478 -28.0121193 -4.0528517 -0.0869617 -0.0998456 0.8558081 0.5000612
1658133485.575282 11.3131399 -28.3244953 -4.0678186 -0.0803594 -0.1276458 0.9053866 0.3968930
1658133486.374479 11.6003723 -28.5440464 -4.0770736 -0.0603383 -0.1479182 0.9429228 0.2921917
1658133487.374029 12.0199795 -28.7200184 -4.0872617 -0.0547449 -0.1546512 0.9725960 0.1647511
1658133488.077019 12.3367376 -28.7715893 -4.0918064 -0.0476867 -0.1635941 0.9832860 0.0641211
1658133488.976127 12.7463856 -28.7500095 -4.0934858 -0.0405670 -0.1447511 0.9874503 -0.0484083
1658133489.675751 13.0568609 -28.6774063 -4.0916948 -0.0405998 -0.1223723 0.9845011 -0.1188878
1658133490.474757 13.3999386 -28.5584793 -4.0874767 -0.0454291 -0.0759990 0.9834826 -0.1578681
1658133491.273092 13.7359781 -28.4306240 -4.0825200 -0.0428569 -0.0597367 0.9824390 -0.1714889
1658133492.273100 14.1521645 -28.2722454 -4.0777936 -0.0467797 -0.0785511 0.9809579 -0.1713567
1658133493.077083 14.4804420 -28.1319981 -4.0712914 -0.0346535 -0.1242190 0.9693332 -0.2091935
1658133493.975694 14.8176060 -27.9243870 -4.0633426 -0.0172524 -0.1743096 0.9359668 -0.3054253
1658133494.674944 15.0363226 -27.7097015 -4.0559678 0.0014634 -0.1892935 0.8947026 -0.4045654
1658133495.474005 15.2179375 -27.4055634 -4.0435443 -0.0135993 0.1860187 -0.8330824 0.5207551
1658133496.076045 15.3003683 -27.1469746 -4.0320845 -0.0207225 0.1863861 -0.7817191 0.5947655
1658133496.777290 15.3318205 -26.8298645 -4.0186915 -0.0445263 0.1811036 -0.7070525 0.6821259
1658133497.373567 15.2995605 -26.5577374 -4.0060220 -0.0431782 0.1672961 -0.6397819 0.7488837
1658133498.176387 15.1829004 -26.2057667 -3.9888694 -0.0293610 0.1357142 -0.5619751 0.8154162
1658133498.877721 15.0319452 -25.9185429 -3.9756801 0.0010724 0.1065958 -0.5128496 0.8518342
1658133499.574488 14.8605671 -25.6446209 -3.9639926 0.0344503 0.0801770 -0.4924113 0.8659769
1658133500.774952 14.5646019 -25.1836014 -3.9423018 0.0366487 0.0784216 -0.4875642 0.8687854
1658133501.576692 14.3726768 -24.8722095 -3.9274311 0.0281567 0.0613325 -0.4897635 0.8692394
1658133503.177007 14.0103884 -24.2615623 -3.9010730 0.0351535 0.0873382 -0.4844505 0.8697379
1658133503.976007 13.8326979 -23.9591408 -3.8885801 0.0387900 0.0907072 -0.4852628 0.8687851
1658133505.373692 13.5199127 -23.4263554 -3.8639500 0.0321214 0.0866012 -0.4857225 0.8692192
1658133506.076913 13.3613520 -23.1578121 -3.8525779 0.0373385 0.0885258 -0.4858133 0.8687661
1658133506.875155 13.1805983 -22.8488216 -3.8408635 0.0290687 0.0809202 -0.4842810 0.8706772
1658133507.473400 13.0453033 -22.6192551 -3.8321624 0.0333831 0.0801771 -0.4857042 0.8697981
1658133508.075607 12.9091110 -22.3872852 -3.8227012 0.0285148 0.0752882 -0.4869319 0.8697218
1658133508.775342 12.7504158 -22.1167355 -3.8120055 0.0259835 0.0570122 -0.4858897 0.8717716
1658133509.474530 12.5919027 -21.8479347 -3.8034959 0.0296514 0.0771096 -0.4872790 0.8693296
1658133510.473808 12.3626680 -21.4618778 -3.7877707 0.0347962 0.0603613 -0.4913108 0.8681932
1658133511.272351 12.1839638 -21.1544514 -3.7788777 0.0361269 0.0752623 -0.4885544 0.8685304
1658133512.175773 11.9832420 -20.8073044 -3.7680440 0.0282702 0.0757672 -0.4860756 0.8701670
1658133512.975612 11.8067274 -20.5019207 -3.7577000 0.0233863 0.0805738 -0.4863538 0.8697246
1658133514.075325 11.5618248 -20.0833950 -3.7439535 0.0287948 0.0809042 -0.4882245 0.8684827
1658133514.975874 11.3587132 -19.7369328 -3.7331007 0.0280352 0.0747550 -0.4855115 0.8705770
1658133516.076407 11.1099548 -19.3137341 -3.7206073 0.0418848 0.0946758 -0.4865112 0.8675189
1658133517.076014 10.8801212 -18.9248638 -3.7008150 0.0331891 0.0658317 -0.4936011 0.8665580
1658133517.974903 10.6757689 -18.5797691 -3.6897745 0.0354415 0.0736861 -0.4895547 0.8681304
1658133518.874834 10.4746571 -18.2373295 -3.6807213 0.0411199 0.0818704 -0.4882516 0.8678806
1658133519.774224 10.2737341 -17.8936672 -3.6713407 0.0384323 0.0805596 -0.4900775 0.8670970
1658133520.674997 10.0748663 -17.5467110 -3.6623936 0.0374901 0.0804373 -0.4857006 0.8696087
1658133521.474218 9.8942642 -17.2394466 -3.6536925 0.0354485 0.0721325 -0.4878584 0.8692149
1658133522.373758 9.6925726 -16.8920937 -3.6446016 0.0357819 0.0827198 -0.4857182 0.8694566
1658133523.075855 9.5345459 -16.6203423 -3.6381207 0.0337373 0.0774593 -0.4870866 0.8692575
1658133523.975215 9.3316326 -16.2726173 -3.6301873 0.0349385 0.0826887 -0.4870452 0.8687513
1658133524.874818 9.1289873 -15.9255314 -3.6212912 0.0374833 0.0788587 -0.4881091 0.8684042
1658133525.573266 8.9723730 -15.6560802 -3.6146119 0.0345065 0.0835503 -0.4885555 0.8678376
1658133526.373409 8.7922039 -15.3464432 -3.6066968 0.0315286 0.0763820 -0.4868253 0.8695821
1658133527.076114 8.6353512 -15.0747309 -3.6007895 0.0308211 0.0826987 -0.4856820 0.8696689
1658133527.975369 8.4342203 -14.7282104 -3.5929303 0.0301169 0.0790739 -0.4867859 0.8694135
1658133528.774402 8.2527609 -14.4200363 -3.5871763 0.0231941 0.0785885 -0.4846550 0.8708590
1658133529.472984 8.0931053 -14.1485357 -3.5823982 0.0251524 0.0727179 -0.4854486 0.8708726
1658133530.375099 7.8901863 -13.7990160 -3.5749314 0.0205687 0.0732814 -0.4858055 0.8707467
1658133531.273329 7.6870432 -13.4516182 -3.5688725 0.0271153 0.0733500 -0.4857643 0.8705846
1658133532.074785 7.5053191 -13.1441183 -3.5650485 0.0314398 0.0711461 -0.4880095 0.8693656
1658133533.076268 7.2802300 -12.7622013 -3.5589888 0.0344064 0.0818293 -0.4870733 0.8688382
1658133533.975077 7.0793576 -12.4156256 -3.5488710 0.0295568 0.0810960 -0.4898659 0.8675144
1658133534.874646 6.8785200 -12.0704155 -3.5420442 0.0372913 0.0873658 -0.4887943 0.8672121
1658133535.874838 6.6528358 -11.6852369 -3.5370703 0.0354132 0.0857174 -0.4886001 0.8675646
1658133536.874064 6.4274945 -11.2992706 -3.5313191 0.0299174 0.0793118 -0.4897845 0.8677129
1658133537.874312 6.2028766 -10.9143658 -3.5266538 0.0272893 0.0858370 -0.4874645 0.8684847
1658133538.773232 5.9980330 -10.5660915 -3.5229354 0.0274103 0.0825962 -0.4861367 0.8695387
1658133539.774286 5.7687769 -10.1810589 -3.5191185 0.0284400 0.0770738 -0.4875949 0.8691962
1658133540.773862 5.5410957 -9.7951488 -3.5150652 0.0299536 0.0704586 -0.4864537 0.8703454
1658133541.673315 5.3384542 -9.4462433 -3.5129859 0.0287854 0.0692973 -0.4866033 0.8703945
1658133542.673089 5.1125684 -9.0603209 -3.5100396 0.0263278 0.0769434 -0.4880649 0.8690104
1658133543.673318 4.8868499 -8.6739492 -3.5076725 0.0296604 0.0748128 -0.4865386 0.8699446
1658133544.674788 4.6594510 -8.2880163 -3.5042236 0.0276922 0.0773498 -0.4870113 0.8695229
1658133545.773871 4.4121485 -7.8631325 -3.5000563 0.0295759 0.0783196 -0.4859186 0.8699853
1658133546.773538 4.1862764 -7.4760880 -3.4949608 0.0271706 0.0747049 -0.4866069 0.8699969
1658133547.772774 3.9602854 -7.0900707 -3.4901681 0.0271777 0.0734113 -0.4892255 0.8686371
1658133548.773879 3.7347720 -6.7046413 -3.4869668 0.0273376 0.0745790 -0.4872940 0.8696179
1658133549.772930 3.5090015 -6.3195295 -3.4837074 0.0297418 0.0726815 -0.4899996 0.8681781
1658133550.772556 3.2846243 -5.9330773 -3.4805522 0.0225849 0.0722873 -0.4894735 0.8687233
1658133551.974144 3.0135922 -5.4688644 -3.4794998 0.0222562 0.0743622 -0.4889987 0.8688240
1658133553.076049 2.7675388 -5.0457711 -3.4772851 0.0214692 0.0798470 -0.4916730 0.8668455
1658133554.074407 2.5413971 -4.6608138 -3.4769034 0.0169024 0.0729357 -0.4863050 0.8705758
1658133555.075366 2.3131921 -4.2764935 -3.4777043 0.0252618 0.0734009 -0.4831404 0.8720949
1658133556.174042 2.0625808 -3.8536191 -3.4775484 0.0333954 0.0755482 -0.4845375 0.8708620
1658133557.174979 1.8363081 -3.4672754 -3.4742107 0.0239001 0.0805117 -0.4855120 0.8701866
1658133558.270585 1.5897062 -3.0450704 -3.4736850 0.0261222 0.0737967 -0.4873111 0.8697124
1658133559.372287 1.3396900 -2.6208501 -3.4764552 0.0268842 0.0744035 -0.4865592 0.8700583
1658133560.471466 1.0901169 -2.1969702 -3.4789281 0.0311810 0.0773523 -0.4870452 0.8693856
1658133561.571635 0.8417718 -1.7735097 -3.4780734 0.0233438 0.0756802 -0.4848190 0.8710213
1658133562.672934 0.5926993 -1.3494384 -3.4802458 0.0298003 0.0820335 -0.4868061 0.8691388
1658133563.772044 0.3451110 -0.9259089 -3.4812307 0.0302536 0.0809646 -0.4871170 0.8690492
1658133564.974016 0.0722126 -0.4586166 -3.4810240 0.0235931 0.0754358 -0.4865769 0.8700550
1658133566.073645 -0.1607753 -0.0592372 -3.4723155 -0.0850406 -0.0875898 -0.4698117 0.8742843
1658133566.772299 -0.2581194 0.1017211 -3.4704263 -0.0909135 -0.1165131 -0.4677931 0.8713949
1658133567.471281 -0.3326039 0.2054856 -3.4545279 -0.0395964 -0.0795465 -0.4878761 0.8683786
1658133568.174169 -0.3068304 -0.2409047 -3.4422812 -0.0424860 0.0705332 -0.5058356 0.8586910
1658133569.174324 -0.2978970 0.1903817 -3.4768610 -0.0028298 0.0400719 -0.5100015 0.8592349
1658133577.772389 -0.3156308 0.1851474 -3.4796715 0.0195117 0.0301186 -0.8633154 0.5033872
1658133579.074200 -0.3073651 0.2112772 -3.4765985 0.0150971 -0.0126707 0.9975126 0.0676771
1658133581.074030 -0.3096372 0.2004289 -3.4776292 -0.0153726 -0.0197847 0.9805946 0.1944387
1658133584.173857 -0.0728805 0.0896152 -3.4762523 0.0040979 -0.0233036 0.9786474 0.2041797
1658133585.872351 0.0378482 0.0450538 -3.4709966 0.0268899 -0.0166562 0.9771426 0.2102184
1658133588.073543 0.0652911 0.0401247 -3.4712505 0.0015112 -0.0122543 0.8807541 0.4734128
1658133589.370260 0.0836974 0.0345311 -3.4677105 -0.0039680 -0.0020593 0.3949119 0.9187081
1658133590.771411 0.0877978 0.0317933 -3.4723663 -0.0058311 0.0051088 -0.0192920 0.9997838
1658133592.269256 0.0900199 0.0318606 -3.4100471 -0.0049464 0.0141748 -0.0353303 0.9992629
1658133593.671661 0.0417737 -0.1125691 -3.2901177 -0.0389942 0.0327231 -0.0116294 0.9986358
1658133596.471634 0.2169647 -0.1923349 -2.8686566 -0.0636439 -0.0043902 -0.0257136 0.9976317
1658133597.771168 0.0799810 0.0205664 -2.5435004 -0.0053456 0.0359332 -0.0122911 0.9992643
1658133599.072038 0.0523298 0.0213059 -2.3245032 -0.0064719 0.0130947 -0.0195465 0.9997023
1658133600.469549 0.0512291 0.0257879 -2.0890934 -0.0286926 -0.0303949 -0.0103124 0.9990728
1658133601.872279 0.0520641 0.0214946 -1.8560356 0.0112066 -0.0065476 0.0054343 0.9999010
1658133603.268700 0.0359443 0.0048546 -1.6187292 0.0392644 -0.0394935 -0.0188449 0.9982702
1658133604.570379 0.0496789 0.0155261 -1.4066739 -0.0296858 0.0525426 -0.0313536 0.9976848
1658133605.872541 0.0476359 0.0185053 -1.1898788 -0.0029086 -0.0004713 -0.0048160 0.9999841
1658133607.172828 0.0368142 0.0134606 -0.9834410 -0.0210708 -0.0127842 -0.0045575 0.9996859
1658133608.470464 0.0338695 0.0078078 -0.8087649 0.0124688 0.0097359 -0.0098606 0.9998263
1658133609.871020 0.0291475 0.0105733 -0.6407228 -0.0203875 -0.0119441 0.0055137 0.9997056
1658133611.268149 0.0284114 0.0161890 -0.4975434 -0.0167851 0.0077599 0.0065557 0.9998075
1658133612.570246 0.0252862 0.0088471 -0.3777100 -0.0017414 -0.0052345 -0.0069120 0.9999609
1658133613.971514 0.0312455 0.0079136 -0.2696086 0.0030059 0.0139122 -0.0120377 0.9998263
1658133615.267940 0.0251296 0.0057765 -0.1820535 0.0110876 0.0051362 -0.0122129 0.9998507
1658133617.071411 0.0052739 0.0053440 -0.0826047 -0.0007791 0.0046474 -0.0072480 0.9999626
