1658132919.295245 0.0000000 0.0000000 0.0000000 0.0000000 0.0000000 0.0000000 1.0000000
1658132919.596573 -0.0054627 0.0013018 -0.0464049 0.0006853 0.0013146 0.0038293 0.9999915
1658132921.496981 -0.0433345 0.0022625 -0.3173333 0.0220083 -0.0074881 0.0052064 0.9997162
1658132921.898511 -0.0521514 0.0020573 -0.3732980 0.0246822 -0.0099233 0.0033802 0.9996404
1658132922.295341 -0.0600091 0.0031577 -0.4282512 0.0202105 -0.0099985 0.0023732 0.9997429
1658132922.798056 -0.0690973 0.0043651 -0.4976755 0.0233798 -0.0058401 0.0054039 0.9996950
1658132923.295231 -0.0774293 0.0053014 -0.5659856 0.0265646 -0.0074264 0.0039358 0.9996118
1658132923.797845 -0.0855371 0.0065374 -0.6351621 0.0270543 -0.0038302 0.0040971 0.9996182
1658132924.396134 -0.0953271 0.0087024 -0.7175850 0.0249930 -0.0024345 0.0040197 0.9996766
1658132925.030923 -0.1053643 0.0112749 -0.8004633 0.0233375 -0.0056548 0.0037164 0.9997048
1658132925.696656 -0.1165787 0.0146058 -0.8966389 0.0232431 -0.0036834 0.0031622 0.9997181
1658132926.496445 -0.1347367 0.0159619 -0.9955407 0.0227049 -0.0063374 0.0034810 0.9997160
1658132927.199001 -0.1471697 0.0186105 -1.0920112 0.0209319 -0.0071402 0.0032923 0.9997500
1658132927.998053 -0.1611671 0.0212896 -1.2012925 0.0249150 -0.0086975 0.0034373 0.9996458
1658132928.797086 -0.1740596 0.0253753 -1.3108319 0.0223322 -0.0040196 0.0029072 0.9997383
1658132929.798245 -0.1904936 0.0299721 -1.4474559 0.0226353 -0.0044687 0.0033942 0.9997280
1658132930.697018 -0.2055535 0.0331446 -1.5708884 0.0224997 -0.0012347 0.0036605 0.9997394
1658132931.697201 -0.2229394 0.0364438 -1.7079171 0.0228673 -0.0029436 0.0032246 0.9997290
1658132932.797479 -0.2439814 0.0384683 -1.8502533 0.0229362 0.0003018 0.0037327 0.9997299
1658132933.797752 -0.2607081 0.0418803 -1.9876187 0.0245836 -0.0003535 0.0033090 0.9996923
1658132934.997857 -0.2822929 0.0465530 -2.1524479 0.0200375 -0.0032397 0.0025231 0.9997908
1658132936.098486 -0.3011113 0.0496109 -2.3012426 0.0217018 -0.0024690 0.0020157 0.9997594
1658132937.294990 -0.3209511 0.0543905 -2.4670818 0.0193819 0.0001841 0.0034676 0.9998061
1658132938.395878 -0.3337886 0.0574282 -2.6146276 0.0258799 -0.0095464 0.0039096 0.9996118
1658132940.797585 -0.3423084 0.0618380 -2.6623831 0.0188690 0.0467708 0.1647058 0.9850525
1658132944.797431 -0.4100946 0.0355248 -2.6558812 0.0247873 -0.0097197 0.1579867 0.9870822
1658132956.394645 -0.4086306 0.0382413 -2.6555202 0.0216373 -0.0177884 0.1577281 0.9870852
1658132959.495771 -0.4061760 0.0403877 -2.6581585 0.0158034 -0.0012491 0.1589648 0.9871570
1658132971.696129 -0.3889876 0.0048348 -2.6419735 0.0171692 -0.0103158 0.1627802 0.9864590
1658132973.098866 -0.7929590 -0.0793750 -2.2729046 -0.0172672 0.2256685 0.1678014 0.9594886
1658132974.293270 -0.6291413 -0.0232629 -2.6553934 0.0055225 0.0730311 0.1569603 0.9848855
1658132975.695270 -0.9261446 -0.1117724 -2.6698296 0.0010876 0.0738972 0.1600567 0.9843373
1658132976.996128 -1.2674321 -0.2172538 -2.6845915 0.0036337 0.0741102 0.1587743 0.9845228
1658132978.394660 -1.7015433 -0.3534938 -2.7100375 0.0136753 0.0813218 0.1572077 0.9841166
1658132979.795876 -2.1861892 -0.5070351 -2.7278035 0.0032836 0.0536667 0.1508822 0.9870885
1658132981.096992 -2.6561055 -0.6497514 -2.7493067 0.0001431 0.0428738 0.1558466 0.9868504
1658132982.393769 -3.1162608 -0.7911882 -2.7737854 -0.0024142 0.0533464 0.1561676 0.9862860
1658132983.795086 -3.6164522 -0.9491151 -2.7986567 0.0020760 0.0482002 0.1529372 0.9870576
1658132985.095961 -4.0882921 -1.0935699 -2.8278766 0.0091302 0.0476652 0.1608654 0.9857824
1658132986.494364 -4.5918779 -1.2465301 -2.8527474 0.0030529 0.0398714 0.1592069 0.9864351
1658132987.895715 -5.0940194 -1.3950697 -2.8807306 -0.0002695 0.0501066 0.1595852 0.9859117
1658132989.393083 -5.6323705 -1.5593818 -2.9112551 -0.0000831 0.0480680 0.1642022 0.9852548
1658132990.695211 -6.1032343 -1.7046686 -2.9394755 0.0034659 0.0424792 0.1586572 0.9864134
1658132991.896521 -6.5391240 -1.8364426 -2.9642465 0.0024265 0.0383147 0.1556267 0.9870696
1658132993.096474 -6.9739509 -1.9646416 -2.9899042 0.0016157 0.0396713 0.1543343 0.9872206
1658132993.995985 -7.2992353 -2.0602081 -3.0100987 -0.0004083 0.0400374 0.1547345 0.9871444
1658132994.997258 -7.6618114 -2.1669307 -3.0327504 -0.0012480 0.0412833 0.1540763 0.9871953
1658132995.796012 -7.9505696 -2.2519526 -3.0503056 -0.0015294 0.0381444 0.1548583 0.9871988
1658132996.594741 -8.2414131 -2.3369999 -3.0690644 -0.0044934 0.0350414 0.1535502 0.9875091
1658132997.493273 -8.5657701 -2.4330995 -3.0904417 -0.0004893 0.0374014 0.1536446 0.9874179
1658132998.294755 -8.8537703 -2.5189099 -3.1093092 0.0000280 0.0409711 0.1546088 0.9871259
1658132999.197329 -9.1783838 -2.6159678 -3.1322794 -0.0022539 0.0472675 0.1542074 0.9869046
1658133000.196555 -9.5399380 -2.7226684 -3.1582375 -0.0057694 0.0419415 0.1484282 0.9880165
1658133001.098800 -9.8671722 -2.8223403 -3.1790900 -0.0331830 0.0502201 0.1533172 0.9863421
1658133002.097523 -10.2254953 -2.9499881 -3.2013867 -0.0839513 0.0214050 0.2004706 0.9758614
1658133002.995374 -10.5270910 -3.1138668 -3.2223692 -0.1158443 0.0077104 0.2835904 0.9518914
1658133003.895171 -10.7869978 -3.3382421 -3.2394478 -0.1256936 -0.0140827 0.3847704 0.9143055
1658133004.794212 -10.9840212 -3.6372514 -3.2486675 -0.1222535 -0.0235746 0.4821007 0.8672239
1658133005.594563 -11.1080227 -3.9227006 -3.2583392 -0.1282319 -0.0386605 0.5620832 0.8161644
1658133006.493533 -11.1787491 -4.2667222 -3.2635782 -0.1177301 -0.0626280 0.6492292 0.7488117
1658133007.392864 -11.1755924 -4.6161127 -3.2662992 -0.1078090 -0.0578334 0.7224770 0.6804848
1658133008.196269 -11.1232376 -4.9161601 -3.2661915 -0.0867754 -0.0448408 0.7728938 0.6269725
1658133009.195441 -11.0133982 -5.2827563 -3.2652917 -0.0542764 -0.0102708 0.7998129 0.5977023
1658133010.195385 -10.8960285 -5.6502357 -3.2600369 -0.0439852 -0.0039171 0.8006602 0.5974891
1658133011.291966 -10.7764654 -6.0512609 -3.2546859 -0.0412126 -0.0040363 0.8006082 0.5977555
1658133012.392912 -10.6619968 -6.4518819 -3.2511249 -0.0543850 0.0025975 0.7998923 0.5976686
1658133013.493236 -10.5504284 -6.8512030 -3.2470863 -0.0592153 0.0031223 0.7993768 0.5978968
1658133014.693975 -10.4280910 -7.2927294 -3.2419012 -0.0559370 0.0018406 0.7991644 0.5985014
1658133015.894662 -10.3079882 -7.7255440 -3.2428298 -0.0555292 0.0043334 0.7980154 0.6000577
1658133017.095678 -10.1891403 -8.1609764 -3.2436330 -0.0529161 0.0023645 0.7992384 0.5986754
1658133018.293128 -10.0703115 -8.5974207 -3.2380362 -0.0513112 -0.0054507 0.8000566 0.5977014
1658133019.493523 -9.9472952 -9.0410624 -3.2330825 -0.0553760 0.0050522 0.7988072 0.5990117
1658133020.693547 -9.8231726 -9.4879646 -3.2265007 -0.0516953 -0.0000268 0.7987893 0.5993857
1658133021.693547 -9.7209635 -9.8600445 -3.2237434 -0.0479239 -0.0021028 0.7982168 0.6004571
1658133022.795661 -9.6083536 -10.2702818 -3.2209857 -0.0597854 0.0030519 0.7982103 0.5993971
1658133023.694358 -9.5165272 -10.6033268 -3.2182283 -0.0574126 0.0048437 0.7987109 0.5989501
1658133024.593222 -9.4254150 -10.9354906 -3.2164669 -0.0519363 -0.0009704 0.7970044 0.6017356
1658133025.593692 -9.3260050 -11.3048897 -3.2164526 -0.0525588 -0.0007453 0.7970188 0.6016628
1658133026.592775 -9.2250414 -11.6750698 -3.2153220 -0.0426324 -0.0090614 0.7976043 0.6016043
1658133027.694845 -9.1140680 -12.0847063 -3.2129815 -0.0519186 -0.0037193 0.7960529 0.6029845
1658133028.695456 -9.0111847 -12.4568787 -3.2105381 -0.0503391 -0.0039028 0.7962631 0.6028399
1658133029.793972 -8.9020195 -12.8534813 -3.2148232 -0.0522839 -0.0022231 0.7975245 0.6010126
1658133030.796256 -8.7983599 -13.2271290 -3.2116847 -0.0506336 -0.0009978 0.7976090 0.6010451
1658133031.893944 -8.6862249 -13.6384258 -3.2080266 -0.0432186 -0.0018744 0.7976610 0.6015526
1658133032.894037 -8.5864058 -14.0119715 -3.2055471 -0.0446229 -0.0018099 0.7982879 0.6006180
1658133033.993836 -8.4770908 -14.4225616 -3.2030156 -0.0490878 -0.0033434 0.7972148 0.6016874
1658133034.993871 -8.3773308 -14.7938175 -3.2020073 -0.0452816 -0.0026056 0.7969744 0.6023077
1658133035.994808 -8.2785759 -15.1657934 -3.2021179 -0.0552216 -0.0000769 0.7959049 0.6028980
1658133036.994388 -8.1789894 -15.5379362 -3.2009485 -0.0468627 -0.0057411 0.7963052 0.6030498
1658133037.994251 -8.0792236 -15.9120827 -3.2001843 -0.0469243 -0.0053104 0.7964053 0.6029167
1658133039.094216 -7.9703808 -16.3490505 -3.1827450 -0.0460712 -0.0083568 0.7958935 0.6036233
1658133040.194643 -7.8609428 -16.7598381 -3.1810520 -0.0514866 -0.0047257 0.7963134 0.6026705
1658133041.290802 -7.7524481 -17.1717567 -3.1794624 -0.0433173 -0.0100968 0.7978659 0.6011919
1658133042.290768 -7.6522517 -17.5456638 -3.1797462 -0.0468247 -0.0087045 0.7957216 0.6037871
1658133043.391690 -7.5456238 -17.9468441 -3.1841528 -0.0489649 -0.0058965 0.7954537 0.6040043
1658133044.391712 -7.4494948 -18.3087349 -3.1890121 -0.0474792 -0.0075478 0.7958146 0.6036289
1658133045.492600 -7.3396926 -18.7170372 -3.1904759 -0.0495484 -0.0024112 0.7975799 0.6011701
1658133046.491317 -7.2404633 -19.1006775 -3.1858826 -0.0373127 -0.0127496 0.7936558 0.6070879
1658133047.593522 -7.1306825 -19.5158386 -3.1857762 -0.0502101 -0.0049351 0.7957312 0.6035450
1658133048.595008 -7.0288873 -19.9065075 -3.1780314 -0.0513898 -0.0104695 0.7951376 0.6041569
1658133049.692688 -6.9198432 -20.3368645 -3.1711941 -0.0444247 -0.0167981 0.7969337 0.6021968
1658133050.692407 -6.8231397 -20.7182808 -3.1708593 -0.0528245 -0.0235818 0.7961221 0.6023647
1658133051.792645 -6.7140274 -21.1346569 -3.1720519 -0.0553926 -0.0268712 0.7940630 0.6047095
1658133052.792457 -6.6131625 -21.5084248 -3.1743340 -0.0651876 -0.0067234 0.7931423 0.6055005
1658133053.894518 -6.5025449 -21.9103222 -3.1822903 -0.0438650 -0.0218417 0.7959831 0.6033322
1658133054.792999 -6.4115615 -22.2460232 -3.1869607 -0.0541177 -0.0108101 0.7889317 0.6119978
1658133055.894199 -6.3024802 -22.6582508 -3.1880052 -0.0558645 -0.0063478 0.7900170 0.6105014
1658133056.892943 -6.1993756 -23.0389233 -3.1878037 -0.0411628 -0.0157289 0.7971485 0.6021731
1658133057.892995 -6.0995603 -23.4239197 -3.1872671 -0.0363803 -0.0163903 0.7959775 0.6040096
1658133058.993201 -5.9928894 -23.8336048 -3.1914957 -0.0412059 -0.0153396 0.7944993 0.6056712
1658133059.992876 -5.8949137 -24.2071095 -3.1944599 -0.0474723 -0.0127113 0.7940412 0.6058741
1658133060.993550 -5.7957778 -24.5854893 -3.1973057 -0.0442934 0.0008824 0.7923248 0.6084889
1658133062.094254 -5.6893959 -25.0038376 -3.1999342 -0.0443705 -0.0144084 0.7929159 0.6075426
1658133063.093496 -5.5961404 -25.3856544 -3.2012115 -0.0399473 -0.0203737 0.7971022 0.6021771
1658133064.194007 -5.4898958 -25.8024082 -3.2062433 -0.0436364 -0.0234116 0.7987382 0.5996374
1658133065.193511 -5.3933692 -26.1834583 -3.2095437 -0.0363652 -0.0241626 0.7968535 0.6025929
1658133066.290095 -5.2867908 -26.6007385 -3.2142880 -0.0376577 -0.0338181 0.7970221 0.6018256
1658133067.292248 -5.1921935 -26.9849701 -3.2170620 -0.0379616 -0.0240752 0.7948290 0.6051663
1658133068.591620 -5.0611362 -27.4768829 -3.2228878 -0.0317262 -0.0249640 0.7950826 0.6051560
1658133069.591454 -4.9637136 -27.8562927 -3.2268853 -0.0373808 -0.0339291 0.7917473 0.6087590
1658133070.591565 -4.8670692 -28.2315025 -3.2321382 -0.0381677 -0.0361833 0.7940574 0.6055633
1658133071.591279 -4.7662640 -28.6048794 -3.2369082 -0.0327670 -0.0331167 0.7954406 0.6042382
1658133072.590702 -4.6658726 -28.9754810 -3.2425740 -0.0400641 -0.0165921 0.7938108 0.6066167
1658133073.691980 -4.5588388 -29.3867931 -3.2480195 -0.0426528 -0.0189088 0.7935561 0.6067057
1658133074.692073 -4.4638886 -29.7623653 -3.2547820 -0.0505344 -0.0245611 0.7938590 0.6055006
1658133075.892575 -4.3557854 -30.2320042 -3.2588387 -0.0552717 -0.0213940 0.7949326 0.6037959
1658133076.992424 -4.2506785 -30.6631927 -3.2636950 -0.0425146 -0.0167029 0.7941045 0.6060623
1658133077.992546 -4.1515980 -31.0440197 -3.2700725 -0.0446210 -0.0189851 0.7942820 0.6056110
1658133079.092671 -4.0475345 -31.4701977 -3.2763121 -0.0427376 -0.0182727 0.7936386 0.6066113
1658133080.193609 -3.9512296 -31.9156723 -3.2807398 -0.0376357 -0.0154087 0.7950915 0.6051245
1658133081.289413 -3.6670785 -32.3865433 -3.2333276 -0.0564935 -0.0175760 0.7813146 0.6213269
1658133082.289136 -3.7558546 -32.7480202 -3.2895534 -0.0416939 -0.0110793 0.7947772 0.6053662
1658133083.289066 -3.6662433 -33.1443596 -3.2946062 -0.0363144 -0.0138807 0.7953327 0.6049252
1658133084.590492 -3.5470190 -33.6443748 -3.3038056 -0.0407728 -0.0163670 0.7926171 0.6081346
1658133085.690799 -3.4496207 -34.0752983 -3.3099937 -0.0359455 -0.0242324 0.7931575 0.6074718
1658133086.691340 -3.3602161 -34.4643173 -3.3199787 -0.0398676 -0.0268521 0.7940732 0.6059186
1658133087.992454 -3.2552304 -35.0174217 -3.3178749 -0.0417474 -0.0191699 0.7923493 0.6083357
1658133088.994012 -3.1599035 -35.3954315 -3.3268337 -0.0417184 -0.0258512 0.7924447 0.6079660
1658133090.092458 -3.0731862 -35.8536072 -3.3282537 -0.0422669 -0.0283694 0.7931123 0.6069444
1658133091.092117 -2.9772968 -36.2407188 -3.3384562 -0.0391994 -0.0193242 0.7936549 0.6067964
1658133092.192380 -2.8782930 -36.6771889 -3.3458424 -0.0456116 -0.0213297 0.7912848 0.6093709
1658133093.193075 -2.7890971 -37.0708427 -3.3559656 -0.0457196 -0.0283111 0.7923869 0.6076440
1658133094.192943 -2.7020588 -37.4665718 -3.3617613 -0.0469370 -0.0274957 0.7892324 0.6116805
1658133095.192055 -2.6151264 -37.8597641 -3.3701382 -0.0470871 -0.0357480 0.7928476 0.6065456
1658133096.192541 -2.5271037 -38.2512207 -3.3788466 -0.0526300 -0.0222699 0.7904195 0.6098943
1658133097.192295 -2.4315338 -38.6384773 -3.3901668 -0.0462260 -0.0221701 0.7918134 0.6086075
1658133098.288615 -2.3329115 -39.0789833 -3.3980742 -0.0250669 -0.0342651 0.7897795 0.6119198
1658133099.490726 -2.2176690 -39.5422249 -3.4127433 -0.0427488 -0.0259537 0.7910031 0.6097648
1658133100.489335 -2.1264162 -39.9373245 -3.4194806 -0.0376359 -0.0285697 0.7938190 0.6063158
1658133101.590449 -2.0241838 -40.3683319 -3.4316473 -0.0330829 -0.0348231 0.7927393 0.6076654
1658133102.690835 -1.9254271 -40.7898788 -3.4466934 -0.0545025 -0.0234291 0.7916511 0.6080865
1658133103.790883 -1.8275777 -41.2143517 -3.4623702 -0.0545358 -0.0265998 0.7910669 0.6087129
1658133104.891525 -1.7277312 -41.6381493 -3.4775422 -0.0608815 -0.0247714 0.7907573 0.6085908
1658133105.991802 -1.6171774 -42.0562477 -3.4936538 -0.0773845 -0.0341075 0.7903715 0.6067629
1658133107.092142 -1.4868169 -42.4807739 -3.5050783 -0.1030594 -0.0856935 0.8149086 0.5638788
1658133108.192301 -1.2948825 -42.8756866 -3.5110373 -0.1167526 -0.1208168 0.8664390 0.4701656
1658133109.192433 -1.0409822 -43.1811638 -3.5090077 -0.1095546 -0.1296827 0.9135538 0.3695938
1658133110.191841 -0.7301049 -43.4277000 -3.4990928 -0.1012100 -0.1414782 0.9486395 0.2642414
1658133111.287913 -0.3464130 -43.6187401 -3.4802310 -0.0857130 -0.1490079 0.9746094 0.1434798
1658133112.287946 0.0368969 -43.6830254 -3.4563122 -0.0842974 -0.1446431 0.9852655 0.0349897
1658133113.389462 0.4672695 -43.6432762 -3.4269421 -0.0834550 -0.1130378 0.9878820 -0.0659301
1658133114.388858 0.8516161 -43.5555840 -3.3986242 -0.0894992 -0.0567384 0.9893008 -0.1002723
1658133115.388906 1.2256978 -43.4681931 -3.3663676 -0.0789228 -0.1152283 0.9826385 -0.1221280
1658133116.489374 1.6177796 -43.3211708 -3.3326662 -0.0532167 -0.1654234 0.9595750 -0.2214022
1658133117.488697 1.9189937 -43.1032028 -3.3063500 -0.0470271 -0.1927810 0.9191011 -0.3404072
1658133118.389161 2.1400268 -42.8352623 -3.2826922 -0.0436888 -0.1867594 0.8681288 -0.4577822
1658133119.287825 2.2938488 -42.5127869 -3.2573929 0.0263975 0.1854104 -0.8098134 0.5559932
1658133120.193742 2.2745221 -42.1809044 -3.2693622 0.0119754 0.1741917 -0.7422048 0.6470285
1658133120.991012 2.2764819 -41.8551064 -3.2381353 0.0066772 0.1463005 -0.6774362 0.7208549
1658133122.490973 2.1608424 -41.2536316 -3.2147651 0.0637504 0.0993887 -0.6011971 0.7903289
1658133123.590006 2.0580184 -40.8217964 -3.1931441 0.0702741 0.0822508 -0.5966602 0.7951685
1658133124.890219 1.9531130 -40.3279076 -3.1580429 0.0806256 0.0839467 -0.5940425 0.7959685
1658133126.191905 1.8278348 -39.8340950 -3.1409223 0.0854383 0.0832940 -0.5938702 0.7956637
1658133127.589220 1.6971847 -39.2998695 -3.1223302 0.0780209 0.0656591 -0.5948846 0.7973167
1658133128.990659 1.5615299 -38.7677803 -3.1042109 0.0735115 0.0716669 -0.5957271 0.7965985
1658133130.387765 1.4268099 -38.2393036 -3.0843275 0.0748999 0.0703684 -0.5961894 0.7962390
1658133131.790253 1.2937721 -37.7137527 -3.0502696 0.0710419 0.0829061 -0.5935470 0.7973592
1658133133.191792 1.1645076 -37.1880989 -3.0280468 0.0735702 0.0920546 -0.5971823 0.7934020
1658133134.588836 1.0427551 -36.6333923 -3.0189443 0.0747982 0.0862794 -0.5994090 0.7922562
1658133135.990004 0.9049879 -36.0950317 -3.0066850 0.0732561 0.0907282 -0.5989916 0.7922190
1658133137.286889 0.7786766 -35.5953941 -2.9990716 0.0818462 0.0753387 -0.5923799 0.7979419
1658133138.588963 0.6526342 -35.0897064 -2.9897346 0.0881443 0.0751925 -0.5945624 0.7956583
1658133139.990257 0.5320495 -34.5163651 -2.9928970 0.0821577 0.0731337 -0.5953011 0.7959386
1658133141.387533 0.3995161 -33.9703598 -2.9820440 0.0727095 0.0824983 -0.5943860 0.7966257
1658133142.789925 0.2761669 -33.4042130 -2.9778790 0.0745613 0.0754125 -0.5947391 0.7968934
1658133144.192379 0.1436926 -32.8560104 -2.9671228 0.0771920 0.0761691 -0.5960073 0.7956223
1658133145.588399 0.0126707 -32.3113136 -2.9567580 0.0689598 0.0829555 -0.5941606 0.7970797
1658133146.990519 -0.1188570 -31.7631721 -2.9472270 0.0682449 0.0829778 -0.5947109 0.7967284
1658133148.489607 -0.2657075 -31.1842003 -2.9320393 0.0711902 0.0881584 -0.5938970 0.7965215
1658133149.888769 -0.3916299 -30.6117687 -2.9302206 0.0703556 0.0785689 -0.5948480 0.7968895
1658133151.387527 -0.5357308 -30.0337448 -2.9266741 0.0582418 0.0701269 -0.5982987 0.7960709
1658133152.788853 -0.6541295 -29.4469852 -2.9367387 0.0606320 0.0773754 -0.6017016 0.7926487
1658133154.286575 -0.7755634 -28.8149891 -2.9477160 0.0569670 0.0698154 -0.5973049 0.7969363
1658133155.788234 -0.9062867 -28.1925755 -2.9548235 0.0653748 0.0709686 -0.5948046 0.7980583
1658133157.286133 -1.0472116 -27.5926476 -2.9548113 0.0706943 0.0685001 -0.5947086 0.7978921
1658133158.788569 -1.1986716 -27.0300331 -2.9486392 0.0717780 0.0728609 -0.5943852 0.7976499
1658133160.286248 -1.3428248 -26.4520874 -2.9449880 0.0726630 0.0684247 -0.5927504 0.7991778
1658133161.888352 -1.5031768 -25.8437424 -2.9403086 0.0674907 0.0717953 -0.5937587 0.7985869
1658133163.387125 -1.6535658 -25.2688065 -2.9363418 0.0736304 0.0666450 -0.5942483 0.7981265
1658133164.989349 -1.8182039 -24.6631832 -2.9329965 0.0764166 0.0590341 -0.5950050 0.7979001
1658133166.489150 -1.9651800 -24.0795593 -2.9287689 0.0643614 0.0510829 -0.5954734 0.7991618
1658133168.089593 -2.1397028 -23.4932308 -2.9234753 0.0696195 0.0613683 -0.5945498 0.7986849
1658133169.589527 -2.2698369 -22.8983040 -2.9213290 0.0693127 0.0618343 -0.5955017 0.7979662
1658133171.089628 -2.4287586 -22.3459072 -2.9121790 0.0719536 0.0680981 -0.5928144 0.7992224
1658133172.587069 -2.5790560 -21.7749214 -2.9094586 0.0630751 0.0648116 -0.5943902 0.7990752
1658133174.089300 -2.7226098 -21.2064934 -2.9052758 0.0615874 0.0607027 -0.5960590 0.7982705
1658133175.689011 -2.8868639 -20.5995789 -2.9024293 0.0598243 0.0562782 -0.5961566 0.7986559
1658133177.189568 -3.0431416 -20.0314674 -2.9041672 0.0580696 0.0573969 -0.5944574 0.7999712
1658133178.790085 -3.2029278 -19.4335728 -2.9054203 0.0617217 0.0571664 -0.5936462 0.8003165
1658133180.286002 -3.3599799 -18.8692017 -2.9091122 0.0618602 0.0536726 -0.5940134 0.8002754
1658133181.887488 -3.5268202 -18.2667770 -2.9100676 0.0577254 0.0538099 -0.5948710 0.7999379
1658133183.486404 -3.6940851 -17.6676598 -2.9110413 0.0574039 0.0487057 -0.5947620 0.8003691
1658133185.088290 -3.8603530 -17.0676193 -2.9136970 0.0569971 0.0527073 -0.5948873 0.8000515
1658133186.587072 -4.0156078 -16.5056362 -2.9160390 0.0567307 0.0503034 -0.5936182 0.8011670
1658133188.088735 -4.1703720 -15.9420271 -2.9183147 0.0571632 0.0536496 -0.5941637 0.8005146
1658133189.787501 -4.3465433 -15.3069706 -2.9217377 0.0572880 0.0559508 -0.5937313 0.8006690
1658133191.388602 -4.5132785 -14.7057543 -2.9241292 0.0494184 0.0472460 -0.5957495 0.8002551
1658133192.988362 -4.6866121 -14.1080112 -2.9292011 0.0551394 0.0512407 -0.5934790 0.8013218
1658133194.485920 -4.8398247 -13.5459719 -2.9376035 0.0592858 0.0507640 -0.5931756 0.8012808
1658133196.088321 -5.0070767 -12.9469414 -2.9450991 0.0581074 0.0532162 -0.5922347 0.8019037
1658133197.589171 -5.1645360 -12.3837738 -2.9502974 0.0563264 0.0513266 -0.5923118 0.8020970
1658133199.190218 -5.3314657 -11.7833471 -2.9598823 0.0543440 0.0603926 -0.5906801 0.8028054
1658133200.687676 -5.4939771 -11.2195568 -2.9651747 0.0534665 0.0478134 -0.5914441 0.8031494
1658133202.384905 -5.6781325 -10.5826960 -2.9712925 0.0610643 0.0466418 -0.5923316 0.8020218
1658133203.988181 -5.8506432 -9.9896526 -2.9764047 0.0607711 0.0544418 -0.5913054 0.8023098
1658133205.687238 -6.0294642 -9.3634548 -2.9803367 0.0600935 0.0524710 -0.5910706 0.8026651
1658133207.284209 -6.1996994 -8.7724113 -2.9853861 0.0569374 0.0490103 -0.5904980 0.8035349
1658133208.986978 -6.3823195 -8.1305180 -2.9947972 0.0599524 0.0497485 -0.5894911 0.8040094
1658133210.586099 -6.5519218 -7.5382333 -2.9999380 0.0530942 0.0494116 -0.5901667 0.8040166
1658133212.188478 -6.7242451 -6.9392767 -3.0085592 0.0525434 0.0434496 -0.5905069 0.8041473
1658133213.786182 -6.8897557 -6.3915896 -3.0046608 0.0527816 0.0474417 -0.5896513 0.8045338
1658133215.485645 -7.0620894 -5.7615261 -3.0156832 0.1006936 0.0118283 -0.6123227 0.7840802
1658133217.087792 -7.0740871 -5.1467772 -3.0168483 0.1537507 -0.0745605 -0.7542555 0.6339558
1658133218.685685 -6.7611318 -4.6195712 -2.9985530 -0.1237867 0.1033411 0.9063037 -0.3906547
1658133220.385332 -6.1599808 -4.3373580 -2.9635487 -0.0862794 0.0753447 0.9868279 -0.1142360
1658133221.987347 -5.5283351 -4.3323550 -2.9186461 -0.0634287 -0.0252228 0.9976608 -0.0036762
1658133223.986663 -4.7671032 -4.3795695 -2.8785329 -0.0617548 0.0318565 0.9964100 0.0483588
1658133225.587188 -4.1810532 -4.5322695 -2.8491354 -0.0549736 0.0505709 0.9810905 0.1785552
1658133227.190023 -3.6524656 -4.8434315 -2.8232920 -0.0449581 0.0495392 0.9512466 0.3010888
1658133228.686629 -3.2472801 -5.2511530 -2.8026121 -0.0343732 0.0532639 0.9101834 0.4093258
1658133230.284140 -2.9333363 -5.7943788 -2.7817979 -0.0216178 0.0488106 0.8472565 0.5284948
1658133231.885870 -2.7411349 -6.4074693 -2.7589092 -0.0539504 -0.0007883 0.8097214 0.5843288
1658133233.384631 -2.5739903 -6.9561152 -2.7491460 -0.0608075 -0.0058254 0.8094212 0.5840426
1658133234.886109 -2.3993151 -7.5058904 -2.7413833 -0.0582648 -0.0039664 0.8093487 0.5844178
1658133236.283127 -2.2329643 -8.0198822 -2.7347353 -0.0526017 -0.0065388 0.8092176 0.5851129
1658133237.684807 -2.0680678 -8.5290890 -2.7327073 -0.0567671 -0.0067456 0.8100244 0.5836029
1658133239.187432 -1.8891207 -9.0784578 -2.7280588 -0.0590513 -0.0047713 0.8088636 0.5850042
1658133240.685790 -1.7054532 -9.6385431 -2.7184918 -0.0574889 -0.0043702 0.8096154 0.5841222
1658133242.086916 -1.5402330 -10.1597176 -2.7113061 -0.0582306 -0.0050431 0.8076357 0.5867778
1658133243.684512 -1.3517394 -10.7513285 -2.7020795 -0.0673615 -0.0057210 0.8083085 0.5848650
1658133245.086805 -1.1848550 -11.2789755 -2.6937728 -0.0628275 -0.0023154 0.8071151 0.5870370
1658133246.484338 -1.0114857 -11.8081989 -2.6814730 -0.0553002 -0.0142530 0.8081769 0.5861645
1658133247.885458 -0.8464429 -12.3266850 -2.6763685 -0.0588305 -0.0078704 0.8086139 0.5853379
1658133249.282941 -0.6850401 -12.8429031 -2.6711507 -0.0644824 -0.0015105 0.8056524 0.5888667
1658133250.685093 -0.5173049 -13.3704443 -2.6653597 -0.0551291 -0.0065572 0.8045077 0.5913419
1658133252.086330 -0.3534031 -13.8969765 -2.6594322 -0.0636588 -0.0102985 0.8089792 0.5842894
1658133253.483817 -0.1912545 -14.4225397 -2.6524816 -0.0607870 -0.0105818 0.8070916 0.5871934
1658133254.785179 -0.0385415 -14.9020548 -2.6489286 -0.0586160 -0.0131401 0.8054339 0.5896335
1658133256.186448 0.1234295 -15.4273005 -2.6445873 -0.0689622 -0.0069708 0.8062088 0.5875567
1658133257.584276 0.2810637 -15.9559059 -2.6381445 -0.0683474 -0.0197024 0.8078439 0.5850886
1658133258.887420 0.4300639 -16.4377213 -2.6341469 -0.0665042 -0.0075437 0.8091381 0.5837943
1658133260.086198 0.5683627 -16.8884602 -2.6287229 -0.0599990 -0.0152990 0.8034968 0.5920802
1658133261.383118 0.7215939 -17.3763504 -2.6278565 -0.0592209 -0.0043927 0.8025845 0.5935754
1658133262.684256 0.8732812 -17.8649750 -2.6221459 -0.0611130 -0.0121038 0.8057235 0.5890061
1658133263.885263 1.0117184 -18.3137150 -2.6190026 -0.0586795 -0.0098478 0.8060309 0.5888752
1658133265.186031 1.1601756 -18.8035965 -2.6163511 -0.0593435 -0.0100934 0.8039186 0.5916852
1658133266.483124 1.3100268 -19.2945118 -2.6147656 -0.0513809 -0.0201734 0.8041996 0.5917905
1658133267.783946 1.4547367 -19.7827358 -2.6128864 -0.0583003 -0.0176801 0.8026283 0.5933602
1658133269.084924 1.6027071 -20.2744732 -2.6087906 -0.0596902 -0.0118677 0.8030506 0.5927950
1658133270.382234 1.7492843 -20.7633572 -2.6057577 -0.0568647 -0.0120042 0.8027158 0.5935230
1658133271.583760 1.8868198 -21.2216835 -2.6012559 -0.0526049 -0.0179253 0.8030463 0.5933195
1658133272.884394 2.0345831 -21.7176704 -2.5957530 -0.0607110 -0.0112500 0.8040400 0.5913606
1658133274.185634 2.1821930 -22.2140408 -2.5897684 -0.0609374 -0.0103415 0.8033113 0.5923433
1658133275.485154 2.3293288 -22.7124844 -2.5845926 -0.0622680 -0.0083572 0.8031328 0.5924783
1658133276.683877 2.4623232 -23.1810741 -2.5802495 -0.0575744 -0.0168166 0.8016784 0.5947387
1658133277.984700 2.6061299 -23.6809330 -2.5790753 -0.0591540 -0.0112225 0.8018622 0.5944677
1658133279.281708 2.7543023 -24.1855221 -2.5767713 -0.0592519 -0.0089379 0.8017598 0.5946348
1658133280.582880 2.8989482 -24.6910973 -2.5717504 -0.0589621 -0.0114634 0.8010249 0.5956099
1658133281.884660 3.0419025 -25.2018719 -2.5653169 -0.0557197 -0.0097988 0.8012250 0.5956826
1658133283.185879 3.1851006 -25.7104645 -2.5625517 -0.0599257 -0.0089823 0.7994927 0.5976116
1658133284.484651 3.3255141 -26.2205601 -2.5601528 -0.0565348 -0.0101862 0.7996899 0.5976588
1658133285.783419 3.4680080 -26.7329178 -2.5562441 -0.0536547 -0.0075142 0.7985335 0.5995073
1658133286.983895 3.5963807 -27.2075005 -2.5538676 -0.0543450 -0.0122302 0.7983306 0.5996376
1658133288.282236 3.7379253 -27.7174664 -2.5510383 -0.0583700 -0.0147731 0.7972347 0.6006593
1658133289.583240 3.8756316 -28.2304726 -2.5495048 -0.0614762 -0.0171683 0.7966343 0.6010821
1658133290.783355 4.0037003 -28.7052612 -2.5482919 -0.0617312 -0.0160848 0.7951504 0.6030476
1658133292.084423 4.1405101 -29.2217560 -2.5476184 -0.0612709 -0.0180107 0.7937769 0.6048470
1658133293.381320 4.2783446 -29.7340317 -2.5497949 -0.0624268 -0.0144264 0.7936437 0.6049994
1658133294.582846 4.4043159 -30.2110500 -2.5523148 -0.0644071 -0.0131754 0.7922871 0.6065966
1658133295.783588 4.5272989 -30.6917477 -2.5508699 -0.0674096 -0.0234517 0.7913881 0.6071333
1658133296.983873 4.6523762 -31.1707802 -2.5514796 -0.0660315 -0.0155392 0.7920686 0.6066512
1658133298.280730 4.7868352 -31.6847706 -2.5513668 -0.0669265 -0.0179073 0.7922919 0.6061961
1658133299.481695 4.9111705 -32.1638985 -2.5528393 -0.0637196 -0.0205984 0.7923793 0.6063418
1658133300.683523 5.0356255 -32.6419220 -2.5564680 -0.0651235 -0.0198965 0.7919695 0.6067515
1658133301.983968 5.1729088 -33.1615524 -2.5602505 -0.0538343 -0.0159991 0.7934855 0.6059923
1658133303.184729 5.2940001 -33.6386681 -2.5658114 -0.0616131 -0.0261632 0.7891538 0.6105371
1658133304.481575 5.4231510 -34.1540146 -2.5733981 -0.0567307 -0.0249089 0.7927750 0.6063570
1658133305.681937 5.5441546 -34.6303482 -2.5783625 -0.0550401 -0.0190678 0.7899610 0.6103839
1658133306.882991 5.6632962 -35.1079330 -2.5837018 -0.0570008 -0.0244478 0.7914519 0.6080765
1658133308.084172 5.7811370 -35.5797997 -2.5915852 -0.0564675 -0.0233180 0.7900887 0.6099406
1658133309.381135 5.9065623 -36.0912781 -2.6015069 -0.0641593 -0.0217093 0.7888927 0.6107868
1658133310.583508 6.0232978 -36.5650635 -2.6115284 -0.0610116 -0.0273419 0.7892585 0.6104105
1658133311.782238 6.1421723 -37.0412636 -2.6214054 -0.0580048 -0.0311526 0.7890738 0.6107599
1658133312.783085 6.2396502 -37.4325104 -2.6336010 -0.0576744 -0.0286426 0.7888768 0.6111683
1658133313.983589 6.3566375 -37.9039841 -2.6469851 -0.0570615 -0.0269932 0.7884021 0.6119130
1658133314.983366 6.4508872 -38.2953987 -2.6573009 -0.0562718 -0.0282631 0.7884069 0.6119226
1658133315.882849 6.5357857 -38.6498146 -2.6659176 -0.0566846 -0.0278369 0.7876045 0.6129365
1658133316.882641 6.6347752 -39.0462685 -2.6742425 -0.0515520 -0.0366907 0.7873276 0.6132792
1658133317.882701 6.7268376 -39.4341888 -2.6887412 -0.0562445 -0.0376310 0.7850844 0.6156809
1658133318.882241 6.8148146 -39.8181305 -2.7069507 -0.0576096 -0.0381230 0.7851637 0.6154232
1658133319.983565 6.9165425 -40.2447472 -2.7248771 -0.0776125 -0.0709636 0.7883868 0.6061243
1658133321.279971 7.0933313 -40.7176094 -2.7422996 -0.1043182 -0.1273491 0.8375394 0.5209873
1658133322.581525 7.4010921 -41.1290474 -2.7475736 -0.1121386 -0.1563922 0.9011326 0.3884925
1658133323.982851 7.8605180 -41.4457245 -2.7327218 -0.1053790 -0.1616218 0.9535933 0.2311568
1658133325.183427 8.3122339 -41.5851517 -2.7047303 -0.0977462 -0.1703742 0.9760039 0.0939926
1658133326.381664 8.7814302 -41.5938225 -2.6639585 -0.0882352 -0.1549102 0.9834369 -0.0326983
1658133327.480824 9.2000093 -41.5226440 -2.6182318 -0.1048434 -0.0905971 0.9857220 -0.0956670
1658133328.781438 9.6846819 -41.4147110 -2.5618181 -0.1001459 -0.1124256 0.9820156 -0.1139151
1658133329.781967 10.0439539 -41.3140450 -2.5152090 -0.0934476 -0.1626832 0.9653409 -0.1814351
1658133330.781639 10.3736763 -41.1413879 -2.4660661 -0.0832070 -0.1894984 0.9336763 -0.2922594
1658133331.882269 10.6740026 -40.8546677 -2.4099092 -0.0622197 -0.1872877 0.8845897 -0.4225553
1658133332.782620 10.8502636 -40.5595741 -2.3641772 0.0524888 0.1752785 -0.8346215 0.5195472
1658133333.782717 10.9619141 -40.1916122 -2.3156183 0.0399987 0.1629062 -0.7643554 0.6225933
1658133334.481208 10.9848833 -39.9243279 -2.2852116 0.0365776 0.1467582 -0.7101499 0.6876127
1658133335.380173 10.9528027 -39.5781441 -2.2510560 0.0577424 0.1122368 -0.6507037 0.7487680
1658133336.380068 10.8667192 -39.2012978 -2.2196598 0.0975073 0.0602170 -0.6187274 0.7772018
1658133337.279861 10.7840099 -38.8703270 -2.1896851 0.1085929 0.0594344 -0.6165022 0.7775604
1658133338.481486 10.6858826 -38.4299965 -2.1492836 0.1062973 0.0664538 -0.6167439 0.7771176
1658133339.681390 10.5946436 -37.9920616 -2.1072443 0.1042081 0.0650512 -0.6183625 0.7762324
1658133340.881865 10.5076971 -37.5564308 -2.0662184 0.1063365 0.0703448 -0.6173902 0.7762561
1658133342.082369 10.4221640 -37.1206627 -2.0239241 0.1079997 0.0679321 -0.6193154 0.7747062
1658133343.379600 10.3272991 -36.6557198 -1.9752113 0.1118454 0.0643460 -0.6227745 0.7716878
1658133344.681385 10.2366362 -36.1888885 -1.9291904 0.1138250 0.0739820 -0.6198400 0.7728965
1658133345.681468 10.1678343 -35.8300667 -1.8937578 0.1143005 0.0764438 -0.6200198 0.7724424
1658133346.680945 10.0981150 -35.4697113 -1.8583159 0.1110762 0.0730279 -0.6215720 0.7719957
1658133347.781410 10.0235357 -35.0749893 -1.8177023 0.1154477 0.0765813 -0.6213254 0.7712080
1658133348.881302 9.9486217 -34.6805115 -1.7779253 0.1182240 0.0757052 -0.6204113 0.7716098
1658133350.278839 9.8522978 -34.1795502 -1.7257788 0.1160236 0.0726774 -0.6221351 0.7708466
1658133351.580612 9.7663755 -33.7098427 -1.6748930 0.1061946 0.0598901 -0.6243520 0.7715701
1658133352.881622 9.6804819 -33.2441254 -1.6260535 0.1150425 0.0726098 -0.6222748 0.7708873
1658133354.182396 9.5955839 -32.7827415 -1.5761566 0.1197944 0.0740263 -0.6226555 0.7697205
1658133355.279281 9.5237513 -32.3924217 -1.5363626 0.1184224 0.0710801 -0.6248496 0.7684313
1658133356.479407 9.4452124 -31.9615593 -1.4887946 0.1125468 0.0664166 -0.6250386 0.7695771
1658133357.580535 9.3749342 -31.5704842 -1.4477596 0.1217164 0.0786340 -0.6238181 0.7680187
1658133358.680762 9.3069916 -31.1819401 -1.4036698 0.1208374 0.0814704 -0.6238816 0.7678103
1658133359.680650 9.2444668 -30.8268738 -1.3645384 0.1152930 0.0755301 -0.6242792 0.7689462
1658133360.479579 9.1927681 -30.5410538 -1.3365084 0.1192056 0.0708441 -0.6263714 0.7670919
1658133361.479384 9.1274967 -30.1814041 -1.2968979 0.1131643 0.0570161 -0.6286887 0.7672637
1658133362.280544 9.0747061 -29.8955231 -1.2661506 0.1210182 0.0561739 -0.6287864 0.7660462
1658133363.082483 9.0255404 -29.6075859 -1.2339314 0.1169412 0.0630755 -0.6280825 0.7667194
1658133363.982694 8.9703312 -29.2863331 -1.1992737 0.1143087 0.0633879 -0.6285702 0.7666909
1658133364.780276 8.9219265 -29.0011692 -1.1692038 0.1144667 0.0656266 -0.6260837 0.7685114
1658133365.682551 8.8671436 -28.6820259 -1.1366088 0.1287922 0.0841959 -0.6249347 0.7653628
1658133366.680595 8.8043880 -28.3276215 -1.0958169 0.1222026 0.0642373 -0.6290949 0.7649704
1658133367.479060 8.7552557 -28.0421963 -1.0650407 0.1207303 0.0597623 -0.6311160 0.7639014
1658133368.278234 8.7064991 -27.7554989 -1.0349685 0.1225509 0.0654107 -0.6285577 0.7652568
1658133369.278032 8.6458464 -27.3976974 -0.9940140 0.1278631 0.0678051 -0.6291232 0.7637130
1658133370.185790 8.5907240 -27.0758476 -0.9579687 0.1256218 0.0651239 -0.6301125 0.7635027
1658133371.278864 8.5234499 -26.6831665 -0.9146904 0.1212879 0.0608208 -0.6308203 0.7639737
1658133372.278008 8.4635468 -26.3233414 -0.8759326 0.1194489 0.0590363 -0.6304808 0.7646833
1658133373.181631 8.4102364 -25.9993191 -0.8409817 0.1213159 0.0636502 -0.6302838 0.7641816
1658133374.277895 8.3449726 -25.6056252 -0.7997453 0.1222377 0.0641625 -0.6297902 0.7643987
1658133375.379214 8.2782431 -25.2095871 -0.7613282 0.1270528 0.0634471 -0.6308884 0.7627659
1658133376.277869 8.2261038 -24.8848743 -0.7281703 0.1225056 0.0621143 -0.6306458 0.7638194
1658133377.181901 8.1737747 -24.5596886 -0.6951407 0.1240249 0.0631796 -0.6323506 0.7620754
1658133378.081218 8.1216631 -24.2348366 -0.6628835 0.1230240 0.0655962 -0.6313025 0.7629019
1658133378.980631 8.0707407 -23.9085541 -0.6300654 0.1174529 0.0703268 -0.6323084 0.7625255
1658133379.880089 8.0191126 -23.5828228 -0.5962123 0.1179204 0.0666315 -0.6331100 0.7621199
1658133380.780536 7.9671302 -23.2568455 -0.5660933 0.1178007 0.0781323 -0.6300582 0.7635738
1658133381.780293 7.9115486 -22.8930569 -0.5298199 0.1145017 0.0783874 -0.6340463 0.7607431
1658133382.680044 7.8598499 -22.5661926 -0.4973326 0.1075334 0.0712022 -0.6328294 0.7634748
1658133383.579235 7.8046803 -22.2383041 -0.4669009 0.1173094 0.0696454 -0.6319259 0.7629271
1658133384.478532 7.7505836 -21.9101982 -0.4337485 0.1149056 0.0614992 -0.6348191 0.7615900
1658133385.277456 7.7027273 -21.6165924 -0.4075390 0.1153614 0.0685457 -0.6328846 0.7625289
1658133386.277405 7.6449785 -21.2475719 -0.3714180 0.1059550 0.0642215 -0.6332985 0.7639255
1658133387.182346 7.5935435 -20.9156284 -0.3411603 0.1127886 0.0740549 -0.6330760 0.7622397
1658133388.081163 7.5415215 -20.5870495 -0.3106880 0.1156719 0.0685419 -0.6353902 0.7603955
1658133389.080990 7.4831686 -20.2203884 -0.2768625 0.1134465 0.0744295 -0.6342818 0.7611024
1658133390.081896 7.4241233 -19.8504734 -0.2435833 0.1152762 0.0665412 -0.6353133 0.7606975
1658133391.081771 7.3643517 -19.4789028 -0.2123833 0.1196687 0.0690227 -0.6352685 0.7598350
1658133392.082352 7.3056874 -19.1042347 -0.1805759 0.1091812 0.0655496 -0.6342227 0.7625905
1658133393.083196 7.2499652 -18.7332020 -0.1497629 0.1065406 0.0728865 -0.6302174 0.7656127
1658133393.980384 7.1965227 -18.3976460 -0.1201158 0.1100837 0.0581916 -0.6354423 0.7620422
1658133394.980215 7.1369462 -18.0227566 -0.0869996 0.1079439 0.0518615 -0.6362392 0.7621405
1658133395.980840 7.0772295 -17.6454353 -0.0568725 0.1213264 0.0644164 -0.6355367 0.7597523
1658133397.080576 7.0121846 -17.2337971 -0.0207042 0.1136453 0.0479691 -0.6382153 0.7599111
1658133398.080045 6.9557834 -16.8595085 0.0100859 0.1138152 0.0535991 -0.6377917 0.7598651
1658133399.181142 6.8951707 -16.4453640 0.0407236 0.1070532 0.0562351 -0.6385915 0.7599856
1658133400.276770 6.8336892 -16.0320644 0.0721583 0.1086453 0.0543314 -0.6370838 0.7611626
1658133401.377608 6.7706742 -15.6116819 0.1025409 0.1026746 0.0448676 -0.6395851 0.7605102
1658133402.477939 6.7067399 -15.1956263 0.1320468 0.1020901 0.0436208 -0.6352990 0.7642447
1658133403.578320 6.6429343 -14.7753658 0.1657835 0.0968543 0.0461864 -0.6387631 0.7618843
1658133404.679693 6.5800533 -14.3538628 0.1957726 0.0997219 0.0420506 -0.6421202 0.7589262
1658133405.979405 6.5046520 -13.8540802 0.2274123 0.1132287 0.0502872 -0.6395813 0.7586740
1658133407.080167 6.4411798 -13.4338360 0.2517756 0.1153017 0.0409483 -0.6405755 0.7580843
1658133408.180374 6.3783140 -13.0110893 0.2796068 0.1088784 0.0381293 -0.6402200 0.7594801
1658133409.276259 6.3164511 -12.5861950 0.3083923 0.1044305 0.0423014 -0.6397804 0.7602538
1658133410.377726 6.2558541 -12.1598291 0.3357984 0.1072908 0.0576523 -0.6432691 0.7558900
1658133411.377718 6.2001534 -11.7707481 0.3577835 0.1051751 0.0480850 -0.6411783 0.7586281
1658133412.577998 6.1308966 -11.3141537 0.3847358 0.1084062 0.0528283 -0.6381571 0.7604030
1658133413.779998 6.0627847 -10.8444242 0.4110468 0.1085155 0.0535056 -0.6381275 0.7603649
1658133414.777992 6.0063815 -10.4536076 0.4316074 0.1128708 0.0522812 -0.6370792 0.7606950
1658133415.878551 5.9429202 -10.0156908 0.4545824 0.1171363 0.0542025 -0.6365550 0.7603545
1658133416.879205 5.8837581 -9.6189547 0.4751437 0.1116239 0.0486318 -0.6383735 0.7600358
1658133417.879186 5.8239427 -9.2221727 0.4944606 0.1094311 0.0444156 -0.6394799 0.7596825
1658133418.979089 5.7592692 -8.7836771 0.5170605 0.1099047 0.0464231 -0.6402546 0.7588412
1658133420.081423 5.6961131 -8.3449602 0.5368285 0.1073900 0.0491320 -0.6392267 0.7598965
1658133421.275765 5.6352725 -7.8699808 0.5614023 0.1466278 -0.0006189 -0.6597404 0.7370498
1658133422.377114 5.6455460 -7.4494953 0.5869028 0.1830560 -0.0403705 -0.7271009 0.6604430
1658133423.477355 5.7827282 -7.0266900 0.6367278 0.1890220 -0.0788702 -0.8288326 0.5206599
1658133424.477093 6.0364532 -6.7062569 0.6934050 -0.1685904 0.0790530 0.9058880 -0.3803878
1658133425.376564 6.3410664 -6.4777117 0.7531723 -0.1478630 0.0864222 0.9548397 -0.2427939
1658133426.275644 6.6997128 -6.3707247 0.8155074 -0.1242163 0.0616656 0.9841749 -0.1103060
1658133427.275512 7.1191707 -6.3603983 0.8785133 -0.1071785 0.0043710 0.9941665 -0.0112533
1658133428.276303 7.5267429 -6.4006152 0.9341606 -0.1032698 -0.0521565 0.9929281 0.0266241
1658133429.377134 7.9663563 -6.4590144 0.9918305 -0.1043227 -0.0087680 0.9927964 0.0582692
1658133430.476884 8.3960772 -6.5666885 1.0444092 -0.0915736 0.0178161 0.9847128 0.1470971
1658133431.577002 8.7984591 -6.7583685 1.0888050 -0.0708530 0.0253924 0.9649431 0.2514359
1658133432.677177 9.1481771 -7.0340748 1.1201088 -0.0650419 0.0179158 0.9358078 0.3459947
1658133433.878086 9.4612789 -7.4113183 1.1379328 -0.0465483 0.0186772 0.8926654 0.4479207
1658133435.079183 9.6839151 -7.8539805 1.1394460 -0.0294790 0.0176545 0.8359564 0.5477191
1658133436.179407 9.7962389 -8.2885456 1.1259681 -0.0363893 -0.0000823 0.7793326 0.6255530
1658133437.476444 9.8421001 -8.8088255 1.0944682 -0.0653659 -0.0475217 0.7513218 0.6549692
1658133438.777489 9.8976917 -9.3281364 1.0686893 -0.0696781 -0.0468758 0.7521894 0.6535738
1658133440.178398 9.9742241 -9.8895893 1.0437554 -0.0591085 -0.0405244 0.7522840 0.6549295
1658133441.376213 10.0393076 -10.3703966 1.0208569 -0.0611275 -0.0456031 0.7484967 0.6587386
1658133442.677178 10.1109142 -10.8947620 1.0005811 -0.0713533 -0.0428315 0.7500769 0.6560935
1658133444.078576 10.1905441 -11.4637814 0.9791281 -0.0719806 -0.0497626 0.7509264 0.6545624
1658133445.375846 10.2614002 -11.9977598 0.9601179 -0.0720509 -0.0486672 0.7493029 0.6564947
1658133446.779213 10.3438978 -12.5852776 0.9444721 -0.0663131 -0.0561578 0.7481914 0.6577678
1658133448.078849 10.4296522 -13.1490507 0.9293955 -0.0846143 -0.0365595 0.7463273 0.6591657
1658133449.476039 10.5227346 -13.7476130 0.9218283 -0.0597098 -0.0432160 0.7547608 0.6518460
1658133450.877481 10.6124983 -14.3436050 0.9068274 -0.0737046 -0.0364511 0.7542346 0.6514362
1658133452.178880 10.6939001 -14.9053488 0.8976586 -0.0676557 -0.0392558 0.7507036 0.6559922
1658133453.476320 10.7765160 -15.4685650 0.8883580 -0.0738564 -0.0463985 0.7515540 0.6538799
1658133454.777068 10.8651037 -16.0420246 0.8824082 -0.0699798 -0.0370096 0.7590120 0.6462460
1658133456.078247 10.9558697 -16.6180115 0.8771552 -0.0763868 -0.0307543 0.7592400 0.6455802
1658133457.375175 11.0460978 -17.1935043 0.8706827 -0.0763323 -0.0382340 0.7606438 0.6435313
1658133458.778405 11.1417789 -17.8200302 0.8661391 -0.0767157 -0.0361306 0.7600225 0.6443409
1658133460.178726 11.2409153 -18.4502583 0.8624402 -0.0783454 -0.0456398 0.7577944 0.6461631
1658133461.476215 11.3322878 -19.0307007 0.8551656 -0.0768204 -0.0513839 0.7539181 0.6504351
1658133462.877822 11.4329548 -19.6634369 0.8541938 -0.0929644 -0.0365564 0.7561697 0.6467059
1658133464.376172 11.5486383 -20.3519840 0.8580054 -0.0871905 -0.0305031 0.7590506 0.6444451
1658133465.577360 11.6395121 -20.9077530 0.8662572 -0.0847210 -0.0327986 0.7593694 0.6442862
1658133466.778791 11.7307377 -21.4618416 0.8703539 -0.0888328 -0.0388339 0.7592756 0.6435069
1658133467.877061 11.8153105 -21.9656582 0.8709092 -0.1086966 -0.0305196 0.7569568 0.6436382
1658133468.877163 11.8920641 -22.4267559 0.8744454 -0.0936195 -0.0314433 0.7610494 0.6411322
1658133469.876587 11.9712191 -22.8879070 0.8770854 -0.0836280 -0.0390200 0.7591911 0.6442924
1658133470.877913 12.0526896 -23.3477211 0.8793905 -0.0861216 -0.0282208 0.7612756 0.6420639
1658133471.977797 12.1410446 -23.8545189 0.8797805 -0.0905027 -0.0248535 0.7579076 0.6455755
1658133472.876646 12.2129602 -24.2699261 0.8822767 -0.0785768 -0.0356455 0.7636141 0.6398817
1658133473.776431 12.2809610 -24.6855774 0.8827633 -0.0925363 -0.0318212 0.7651024 0.6364297
1658133474.675795 12.3480091 -25.1045532 0.8870894 -0.1089191 -0.0379741 0.7594513 0.6402564
1658133475.474757 12.4143248 -25.4791698 0.8917165 -0.0773531 -0.0397561 0.7675283 0.6350876
1658133476.180029 12.4717798 -25.8074474 0.8902203 -0.0909470 -0.0362584 0.7638373 0.6379393
1658133477.077079 12.5430756 -26.2261047 0.8891826 -0.0903817 -0.0398187 0.7605148 0.6417654
1658133477.877058 12.6112156 -26.6014137 0.8934382 -0.0755046 -0.0419542 0.7620131 0.6417749
1658133478.776450 12.6812143 -27.0127239 0.8940838 -0.0798322 -0.0420810 0.7638358 0.6390703
1658133479.675092 12.7550793 -27.4297848 0.8940069 -0.0870371 -0.0410495 0.7621728 0.6401814
1658133480.474946 12.8169327 -27.7965488 0.8943216 -0.0887965 -0.0370242 0.7615021 0.6409827
1658133481.474242 12.8985910 -28.2646389 0.8975609 -0.0712695 -0.0427762 0.7614594 0.6428611
1658133482.374277 12.9641256 -28.6679344 0.8939823 -0.0848834 -0.0377409 0.7616272 0.6413224
1658133483.375113 13.0608377 -29.1490154 0.8982104 -0.1202671 -0.0709683 0.7706453 0.6217757
1658133484.273460 13.1801729 -29.5481243 0.9065394 -0.1425956 -0.1145683 0.8087890 0.5589284
1658133485.374439 13.4380035 -29.9965725 0.9325473 -0.1547494 -0.1458727 0.8715771 0.4417320
1658133486.177490 13.7119055 -30.2701225 0.9664242 -0.1472406 -0.1581412 0.9158620 0.3383907
1658133487.374029 14.2136812 -30.5512924 1.0310163 -0.1343396 -0.1595409 0.9602188 0.1856862
1658133488.177072 14.5798950 -30.6257362 1.0863134 -0.1289261 -0.1603444 0.9759523 0.0720064
1658133489.176787 15.0479507 -30.6233025 1.1589218 -0.1169148 -0.1299243 0.9834300 -0.0481266
1658133489.976846 15.4110909 -30.5412388 1.2160453 -0.1241026 -0.0864349 0.9822267 -0.1111675
1658133490.775964 15.7650404 -30.4324493 1.2733798 -0.1204613 -0.0497228 0.9817904 -0.1382184
1658133491.675556 16.1577225 -30.3076344 1.3359451 -0.1234751 -0.0260970 0.9825998 -0.1362735
1658133492.675130 16.5889626 -30.1733875 1.4067080 -0.1142697 -0.0795487 0.9770636 -0.1611247
1658133493.473868 16.9140987 -30.0311489 1.4600903 -0.1026621 -0.1193895 0.9609541 -0.2275386
1658133494.373587 17.2396259 -29.8036995 1.5145131 -0.0782609 -0.1549772 0.9215115 -0.3473813
1658133495.076482 17.4410896 -29.5650730 1.5502702 -0.0586629 -0.1541552 0.8765143 -0.4522362
1658133495.775260 17.5794983 -29.2825546 1.5804174 0.0439892 0.1340356 -0.8229349 0.5503431
1658133496.475460 17.6527576 -28.9708672 1.6017643 0.0088138 0.1289769 -0.7581295 0.6391612
1658133497.076946 17.6535549 -28.6962090 1.6108323 0.0033892 0.1183270 -0.6914539 0.7126561
1658133497.774831 17.5872288 -28.3826904 1.6137725 -0.0029244 0.0907474 -0.6160878 0.7824271
1658133498.476351 17.4651146 -28.0834999 1.6070744 0.0197895 0.0604686 -0.5536853 0.8302918
1658133499.273427 17.2844124 -27.7641506 1.5918789 0.0512909 0.0299150 -0.5064853 0.8602017
1658133500.077891 17.0872402 -27.4636726 1.5753809 0.0720644 0.0217848 -0.4916024 0.8675594
1658133501.176854 16.8234386 -27.0458431 1.5543532 0.0688255 0.0123649 -0.4902131 0.8687930
1658133502.272717 16.5717545 -26.6273613 1.5336400 0.0629314 0.0100238 -0.4893427 0.8697602
1658133503.573794 16.2842484 -26.1421661 1.5083338 0.0678420 0.0254316 -0.4851303 0.8714352
1658133504.272660 16.1295624 -25.8809490 1.4951471 0.0616589 0.0275406 -0.4837757 0.8725828
1658133505.076307 15.9492245 -25.5819225 1.4803852 0.0607713 0.0264657 -0.4832414 0.8729743
1658133505.775576 15.7919912 -25.3206520 1.4672714 0.0648352 0.0236107 -0.4824100 0.8732236
1658133506.574308 15.6104860 -25.0191708 1.4504545 0.0534863 0.0146637 -0.4801381 0.8754380
1658133507.473400 15.4049129 -24.6814556 1.4296497 0.0580205 0.0182577 -0.4805266 0.8748683
1658133508.272682 15.2227468 -24.3821239 1.4126853 0.0540740 0.0118367 -0.4803421 0.8753327
1658133509.076487 15.0377655 -24.0783520 1.3933002 0.0588385 -0.0034428 -0.4840325 0.8730628
1658133509.975936 14.8304453 -23.7399502 1.3711903 0.0635909 0.0174036 -0.4786621 0.8755203
1658133510.775009 14.6440125 -23.4399033 1.3521887 0.0526479 0.0070425 -0.4799525 0.8756850
1658133511.774317 14.4155006 -23.0636616 1.3258023 0.0423482 0.0047394 -0.4785057 0.8770499
1658133512.875061 14.1658068 -22.6527328 1.2965506 0.0491218 0.0177206 -0.4767617 0.8774801
1658133513.975144 13.9149103 -22.2441254 1.2672719 0.0534910 0.0258075 -0.4767122 0.8770508
1658133514.975874 13.6826630 -21.8689060 1.2398363 0.0486061 0.0121795 -0.4745913 0.8787788
1658133515.975826 13.4482870 -21.4924736 1.2095042 0.0624661 0.0362860 -0.4733838 0.8778890
1658133516.975440 13.2095366 -21.1139030 1.1889837 0.0529687 0.0034479 -0.4800602 0.8756282
1658133517.974903 12.9720182 -20.7380142 1.1587613 0.0546991 0.0108677 -0.4765707 0.8773655
1658133518.874834 12.7611742 -20.4025421 1.1301520 0.0595679 0.0189673 -0.4744723 0.8780478
1658133519.874648 12.5253716 -20.0260410 1.0960685 0.0547676 0.0176539 -0.4752090 0.8779893
1658133520.674997 12.3383284 -19.7234459 1.0698566 0.0546499 0.0167989 -0.4710200 0.8802678
1658133521.575039 12.1218176 -19.3836460 1.0389545 0.0543253 0.0098203 -0.4728423 0.8794160
1658133522.373758 11.9305744 -19.0788784 1.0108731 0.0509638 0.0181180 -0.4697479 0.8811421
1658133523.272239 11.7145338 -18.7365875 0.9774956 0.0487665 0.0138679 -0.4697517 0.8813415
1658133524.075621 11.5182676 -18.4293766 0.9454486 0.0469425 0.0143175 -0.4699887 0.8813070
1658133524.874818 11.3224716 -18.1222801 0.9141158 0.0501854 0.0127522 -0.4702325 0.8810222
1658133525.675413 11.1274900 -17.8149662 0.8815178 0.0470191 0.0141806 -0.4707178 0.8809159
1658133526.674589 10.8830042 -17.4299068 0.8410588 0.0436184 0.0104045 -0.4670025 0.8831183
1658133527.373316 10.7116404 -17.1597042 0.8107765 0.0392687 0.0130732 -0.4682617 0.8826200
1658133528.573657 10.4139585 -16.6948738 0.7576694 0.0324319 0.0120467 -0.4665668 0.8838091
1658133529.271640 10.2408466 -16.4241524 0.7260683 0.0319352 0.0050228 -0.4646289 0.8849152
1658133530.573173 9.9172497 -15.9195976 0.6681292 0.0315174 0.0042099 -0.4665035 0.8839476
1658133531.372340 9.7168770 -15.6073418 0.6298383 0.0313200 0.0001853 -0.4656150 0.8844330
1658133532.074785 9.5393534 -15.3343468 0.5927563 0.0391618 0.0011191 -0.4677648 0.8829843
1658133533.076268 9.2897854 -14.9475231 0.5427554 0.0415071 0.0114679 -0.4668470 0.8832890
1658133534.271472 8.9899330 -14.4780846 0.4876157 0.0341512 0.0106969 -0.4700235 0.8819281
1658133535.271739 8.7385006 -14.0873384 0.4353767 0.0373760 0.0120160 -0.4709610 0.8812799
1658133536.271391 8.4849949 -13.6946812 0.3825819 0.0329583 0.0010939 -0.4685592 0.8828164
1658133537.271456 8.2326031 -13.2996321 0.3276464 0.0321719 0.0076682 -0.4688515 0.8826576
1658133538.271832 7.9784341 -12.9050474 0.2724816 0.0330769 0.0109028 -0.4661121 0.8840399
1658133539.272147 7.7197113 -12.5069695 0.2136226 0.0308352 0.0092195 -0.4638774 0.8853146
1658133540.271321 7.4590645 -12.1076269 0.1554185 0.0311607 -0.0026902 -0.4653721 0.8845624
1658133541.271306 7.1998978 -11.7054987 0.0936962 0.0312048 -0.0036772 -0.4656640 0.8844036
1658133542.372277 6.9152379 -11.2632275 0.0251971 0.0303306 -0.0008632 -0.4655048 0.8845251
1658133543.472124 6.6293926 -10.8175583 -0.0458103 0.0295812 -0.0019601 -0.4653632 0.8846232
1658133544.573320 6.3400350 -10.3733006 -0.1162180 0.0292687 0.0019470 -0.4660608 0.8842663
1658133545.773871 6.0271263 -9.8868551 -0.1926426 0.0290932 0.0006386 -0.4645027 0.8850935
1658133546.874722 5.7359810 -9.4348688 -0.2644672 0.0253781 -0.0029833 -0.4646733 0.8851135
1658133547.973563 5.4444361 -8.9828091 -0.3376418 0.0253794 -0.0032563 -0.4672906 0.8837334
1658133549.174685 5.1283913 -8.4931946 -0.4164212 0.0273333 -0.0072726 -0.4662007 0.8842267
1658133550.175881 4.8637280 -8.0792809 -0.4857257 0.0233831 -0.0064083 -0.4684781 0.8831424
1658133551.270812 4.5699344 -7.6203713 -0.5665521 0.0204124 -0.0131749 -0.4681445 0.8833179
1658133552.372288 4.2779799 -7.1626048 -0.6481754 0.0161157 -0.0060875 -0.4692694 0.8828870
1658133553.574449 3.9550636 -6.6568894 -0.7390689 0.0165262 -0.0025241 -0.4686675 0.8832164
1658133554.672482 3.6560948 -6.1930990 -0.8274448 0.0188279 -0.0086448 -0.4639275 0.8856309
1658133555.772967 3.3557169 -5.7303152 -0.9146075 0.0227778 -0.0077129 -0.4619119 0.8865997
1658133556.874133 3.0570002 -5.2745943 -0.9925224 0.0192819 -0.0034250 -0.4642192 0.8855038
1658133557.973874 2.7546198 -4.8022733 -1.0830083 0.0251269 -0.0086899 -0.4662603 0.8842480
1658133559.270545 2.3986871 -4.2455812 -1.1944114 0.0199700 -0.0116519 -0.4657845 0.8845961
1658133560.373729 2.1026795 -3.7920368 -1.2773373 0.0243644 -0.0104001 -0.4667287 0.8840037
1658133561.471275 1.7941438 -3.3070033 -1.3792243 0.0168813 -0.0109022 -0.4649116 0.8851290
1658133562.672934 1.4496349 -2.7697179 -1.5000151 0.0186802 -0.0064690 -0.4671623 0.8839505
1658133563.872446 1.1047633 -2.2219207 -1.6242641 0.0191122 -0.0119393 -0.4674562 0.8837289
1658133565.174238 0.7337117 -1.6391124 -1.7472533 -0.0017742 -0.0422043 -0.4682383 0.8825919
1658133566.270099 0.4934656 -1.2642405 -1.7915336 -0.0903488 -0.1925369 -0.4442867 0.8702735
1658133567.370553 0.3630048 -1.0654827 -1.8305624 -0.0519079 -0.1744976 -0.4613702 0.8683281
1658133568.371499 0.0889955 0.6459652 -2.5998011 0.1240501 0.1121275 -0.4808220 0.8607259
1658133569.772716 0.1220473 0.4918262 -2.6066387 0.0571659 -0.0084459 -0.4848053 0.8727110
1658133581.175731 -0.2385239 0.8607452 -2.5143130 -0.0647340 -0.0948347 0.9786344 0.1705599
1658133595.570724 0.2280535 0.1720736 -2.1875987 0.0293700 -0.0568226 0.0309614 0.9974718
1658133598.072435 0.2411934 0.2737105 -1.8337984 0.0378373 -0.0090352 0.0112105 0.9991802
1658133600.469549 0.1511891 0.1727548 -1.5193886 0.0031347 -0.0565529 0.0181428 0.9982299
1658133602.771101 0.1333047 0.1274653 -1.2030573 -0.0038802 -0.0371546 0.0060819 0.9992835
1658133604.072032 -0.0582199 0.1161345 -1.0534917 0.0394197 0.0341625 -0.0203464 0.9984313
1658133605.368913 0.1029146 0.0707909 -0.8543926 0.0001783 0.0025846 0.0279640 0.9996056
1658133606.570468 0.0811317 0.0373237 -0.6866652 0.0037086 -0.0294414 0.0289454 0.9991404
1658133608.268712 0.0606852 0.0184395 -0.4957801 -0.0085104 -0.0075032 0.0188848 0.9997573
1658133609.470412 0.0346050 -0.0031141 -0.3973510 0.0011320 0.0023234 0.0201879 0.9997929
1658133610.870455 0.0461924 -0.0002333 -0.2827428 -0.0055132 -0.0254876 0.0059370 0.9996423
