1658132910.898006 0.0000000 0.0000000 0.0000000 0.0000000 0.0000000 0.0000000 1.0000000
1658132911.697211 -0.0000026 0.0047170 -0.1387952 -0.0022200 -0.0048912 -0.0014838 0.9999844
1658132913.697986 -0.0016444 0.0113423 -0.3083837 -0.0046128 -0.0125205 -0.0047473 0.9998997
1658132918.396574 0.0015376 0.0132906 -0.3721455 -0.0008098 0.0175896 -0.0385794 0.9991004
1658132918.997894 -0.0108442 0.0158482 -0.4924001 0.0039894 0.0145959 -0.0366185 0.9992148
1658132919.497217 -0.0261431 0.0205735 -0.6099945 -0.0094170 0.0095767 -0.0300964 0.9994568
1658132920.099291 -0.0453098 0.0223701 -0.7484705 0.0039606 0.0114912 -0.0263951 0.9995777
1658132920.696966 -0.0655792 0.0233000 -0.8781635 0.0052957 0.0080228 -0.0290416 0.9995320
1658132921.396599 -0.0908650 0.0235235 -1.0283073 0.0121712 0.0013711 -0.0279567 0.9995341
1658132922.199971 -0.1198708 0.0242414 -1.1999637 0.0136562 -0.0008696 -0.0303053 0.9994470
1658132922.898251 -0.1418471 0.0274745 -1.3480470 0.0164911 0.0019058 -0.0273525 0.9994880
1658132923.697403 -0.1649608 0.0293460 -1.5170522 0.0194741 0.0053275 -0.0285719 0.9993878
1658132924.496552 -0.1875230 0.0334732 -1.6857952 0.0185244 0.0042884 -0.0288758 0.9994022
1658132925.395489 -0.2130331 0.0393168 -1.8759245 0.0158227 0.0046645 -0.0295865 0.9994261
1658132926.295248 -0.2398138 0.0452837 -2.0661864 0.0152106 0.0040228 -0.0292794 0.9994474
1658132927.199001 -0.2666616 0.0512217 -2.2570586 0.0141962 0.0004369 -0.0295367 0.9994628
1658132928.198635 -0.2964182 0.0561480 -2.4678938 0.0193746 0.0010096 -0.0292618 0.9993835
1658132929.198951 -0.3237555 0.0636078 -2.6776922 0.0139591 0.0044194 -0.0300481 0.9994412
1658132930.295094 -0.3553842 0.0698369 -2.9085307 0.0137273 0.0061328 -0.0298629 0.9994409
1658132931.396074 -0.3880490 0.0733724 -3.1406996 0.0208592 0.0037815 -0.0288427 0.9993591
1658132932.596739 -0.4225915 0.0803955 -3.3935988 0.0160881 0.0091869 -0.0294124 0.9993957
1658132933.797752 -0.4576761 0.0856807 -3.6467175 0.0183331 0.0073397 -0.0296843 0.9993643
1658132934.997857 -0.4947774 0.0920924 -3.8995960 0.0136993 0.0046151 -0.0304247 0.9994325
1658132936.198355 -0.5308437 0.0988228 -4.1529293 0.0157811 0.0043043 -0.0310211 0.9993849
1658132937.294990 -0.5627874 0.1042299 -4.3855367 0.0132667 0.0081215 -0.0294413 0.9994455
1658132939.697215 -0.6096588 0.1203548 -4.6898890 -0.0038940 -0.0000393 0.1202866 0.9927316
1658132940.897596 -0.6024275 0.1143162 -4.6837978 0.0144047 0.0670300 0.1312640 0.9889739
1658132942.098018 -0.7158321 0.2447073 -4.6265559 0.0478696 -0.1614999 0.1107443 0.9794703
1658132958.097090 -0.7066205 0.0859949 -4.6728191 0.0104464 -0.0071658 0.1256233 0.9919971
1658132960.795753 -0.6925737 0.0885550 -4.6768603 0.0168125 0.0100673 0.1278795 0.9915961
1658132971.696129 -0.7882048 0.1356889 -4.6394525 0.0209964 0.0056880 0.1263894 0.9917422
1658132972.996961 -0.7663228 0.0816759 -4.6580453 -0.0021712 0.1350306 0.1282345 0.9825059
1658132974.293270 -1.0466266 0.0140359 -4.6643720 0.0032888 0.0821346 0.1240952 0.9888597
1658132975.596991 -1.4725027 -0.0839922 -4.6757498 -0.0001614 0.0841077 0.1263340 0.9884157
1658132976.895769 -1.9996551 -0.2070127 -4.6892624 -0.0000269 0.0823393 0.1267087 0.9885166
1658132978.198352 -2.6253986 -0.3598648 -4.7092609 0.0117139 0.0834567 0.1236709 0.9887382
1658132979.494820 -3.3183708 -0.5283665 -4.7289753 0.0020309 0.0811405 0.1199858 0.9894521
1658132980.796865 -4.0493565 -0.7004349 -4.7486897 -0.0032524 0.0628683 0.1242763 0.9902487
1658132982.096603 -4.7619829 -0.8703058 -4.7707863 -0.0028556 0.0598046 0.1237710 0.9905029
1658132983.393810 -5.4685321 -1.0448629 -4.7915826 0.0050488 0.0527724 0.1224317 0.9910601
1658132984.694671 -6.1758809 -1.2181444 -4.8104153 0.0049387 0.0512299 0.1292061 0.9902812
1658132986.197115 -6.9898133 -1.4169902 -4.8361230 0.0039782 0.0613448 0.1283775 0.9898183
1658132987.695060 -7.7989540 -1.6076926 -4.8615189 0.0011268 0.0632437 0.1286161 0.9896751
1658132989.196520 -8.6123791 -1.8045081 -4.8865547 0.0042044 0.0576270 0.1345202 0.9892249
1658132990.493647 -9.3182411 -1.9778759 -4.9131250 0.0072291 0.0543857 0.1297680 0.9900253
1658132991.796029 -10.0273323 -2.1496274 -4.9367123 0.0081891 0.0501439 0.1268964 0.9906139
1658132992.996103 -10.6802607 -2.3048897 -4.9592443 0.0061332 0.0516215 0.1262797 0.9906316
1658132993.995985 -11.2232399 -2.4327905 -4.9783087 0.0041507 0.0517786 0.1267844 0.9905693
1658132995.096580 -11.8198071 -2.5756032 -5.0010514 0.0034651 0.0518676 0.1265772 0.9905937
1658132996.095840 -12.3626280 -2.7049162 -5.0216784 0.0020675 0.0585886 0.1270226 0.9901658
1658132996.995356 -12.8515577 -2.8208592 -5.0387144 -0.0019105 0.0482669 0.1267493 0.9907579
1658132997.894680 -13.3376045 -2.9377499 -5.0569491 0.0010999 0.0537848 0.1292897 0.9901465
1658132998.895598 -13.8772039 -3.0679317 -5.0784550 0.0046692 0.0557062 0.1294743 0.9900058
1658132999.895488 -14.4162998 -3.1990108 -5.1039243 0.0060202 0.0586947 0.1239376 0.9905342
1658133000.995502 -15.0124388 -3.3428929 -5.1281075 -0.0192381 0.0643935 0.1255542 0.9898078
1658133001.995298 -15.5508451 -3.4958785 -5.1478634 -0.0743015 0.0376081 0.1673711 0.9823705
1658133002.995374 -16.0563297 -3.7317472 -5.1707215 -0.1095413 0.0225085 0.2599360 0.9591284
1658133003.895171 -16.4521637 -4.0429707 -5.1884212 -0.1186212 0.0002007 0.3624343 0.9244297
1658133004.794212 -16.7700539 -4.4418130 -5.2036314 -0.1141279 -0.0101989 0.4610747 0.8799323
1658133005.895197 -17.0289230 -5.0118132 -5.2197022 -0.1213213 -0.0306333 0.5729979 0.8099483
1658133006.794563 -17.1210194 -5.5221200 -5.2267876 -0.1073024 -0.0499788 0.6572644 0.7443063
1658133007.794624 -17.0982666 -6.0965667 -5.2327814 -0.0908347 -0.0451601 0.7346849 0.6707814
1658133008.793957 -16.9789505 -6.6601763 -5.2356377 -0.0491793 -0.0104885 0.7801034 0.6236266
1658133009.994726 -16.8001366 -7.3231235 -5.2376251 -0.0317447 0.0043523 0.7864887 0.6167729
1658133011.095919 -16.6476707 -7.9241562 -5.2417603 -0.0426482 0.0121752 0.7851950 0.6176583
1658133012.291959 -16.4924393 -8.5737743 -5.2446079 -0.0403788 0.0096687 0.7862098 0.6165633
1658133013.392676 -16.3552704 -9.1678553 -5.2477856 -0.0461168 0.0108336 0.7847502 0.6179993
1658133014.492813 -16.2187157 -9.7655249 -5.2502246 -0.0436835 0.0079535 0.7854750 0.6172985
1658133015.693596 -16.0661678 -10.4222660 -5.2544036 -0.0396229 0.0077761 0.7842864 0.6190835
1658133016.895405 -15.9150801 -11.0799046 -5.2601299 -0.0406528 0.0081986 0.7858492 0.6170260
1658133018.095572 -15.7652369 -11.7347260 -5.2647858 -0.0393534 0.0036025 0.7850542 0.6181653
1658133019.291574 -15.6157093 -12.3858795 -5.2715092 -0.0485589 0.0040349 0.7855252 0.6169083
1658133020.492542 -15.4631395 -13.0409632 -5.2766104 -0.0350759 0.0106727 0.7852722 0.6180642
1658133021.594719 -15.3259373 -13.6451015 -5.2826071 -0.0352733 0.0033803 0.7851329 0.6183127
1658133022.693960 -15.1894712 -14.2442799 -5.2900677 -0.0435911 0.0063857 0.7855027 0.6172881
1658133023.794945 -15.0518551 -14.8418837 -5.2967815 -0.0443263 0.0115849 0.7854168 0.6172693
1658133024.794636 -14.9262152 -15.3889446 -5.3032746 -0.0369471 0.0037064 0.7839457 0.6197180
1658133025.793707 -14.8019896 -15.9354763 -5.3112831 -0.0382480 0.0045274 0.7844786 0.6189588
1658133026.994293 -14.6529608 -16.5933018 -5.3210144 -0.0406596 0.0027559 0.7829012 0.6208099
1658133027.994117 -14.5287828 -17.1377964 -5.3276153 -0.0405102 0.0032930 0.7829202 0.6207931
1658133028.995124 -14.4017658 -17.6839828 -5.3346505 -0.0398784 0.0039152 0.7837315 0.6198059
1658133030.095623 -14.2625408 -18.2862549 -5.3419638 -0.0364220 0.0025829 0.7852486 0.6181031
1658133031.291296 -14.1089935 -18.9416714 -5.3497753 -0.0272017 -0.0031625 0.7861742 0.6173978
1658133032.291089 -13.9838762 -19.4859314 -5.3579278 -0.0336077 0.0038198 0.7857008 0.6176813
1658133033.291082 -13.8587952 -20.0301895 -5.3656182 -0.0302949 0.0026031 0.7859499 0.6175420
1658133034.391865 -13.7234020 -20.6282063 -5.3761935 -0.0358865 0.0002894 0.7847240 0.6188055
1658133035.492941 -13.5861235 -21.2286739 -5.3876114 -0.0307640 -0.0009781 0.7847570 0.6190388
1658133036.693198 -13.4363041 -21.8849812 -5.4000330 -0.0292617 -0.0030500 0.7846689 0.6192166
1658133037.693587 -13.3103218 -22.4302444 -5.4105096 -0.0314778 -0.0022438 0.7848206 0.6189191
1658133038.793462 -13.1718426 -23.0302505 -5.4217787 -0.0295007 0.0007415 0.7841010 0.6199313
1658133039.893393 -13.0348463 -23.6282043 -5.4327254 -0.0350074 -0.0013714 0.7847190 0.6188607
1658133040.993526 -12.8983173 -24.2300949 -5.4446917 -0.0399007 0.0026799 0.7861055 0.6167973
1658133042.094791 -12.7607613 -24.8330784 -5.4563265 -0.0298746 -0.0040342 0.7849427 0.6188345
1658133043.194886 -12.6243944 -25.4315968 -5.4691868 -0.0297087 -0.0009271 0.7844535 0.6194749
1658133044.290742 -12.4875736 -26.0274544 -5.4822698 -0.0288632 -0.0029585 0.7852309 0.6185229
1658133045.492600 -12.3361206 -26.6789188 -5.4976392 -0.0324903 0.0027379 0.7869574 0.6161452
1658133046.594300 -12.1972017 -27.2812958 -5.5109687 -0.0245336 -0.0052611 0.7815939 0.6232828
1658133047.593522 -12.0722580 -27.8246937 -5.5248508 -0.0330236 0.0003424 0.7851875 0.6183767
1658133048.692828 -11.9362383 -28.4263954 -5.5384822 -0.0346139 -0.0068567 0.7853611 0.6180314
1658133049.795677 -11.8005533 -29.0292873 -5.5535197 -0.0285189 -0.0138717 0.7859977 0.6174154
1658133050.994298 -11.6553049 -29.6851349 -5.5736694 -0.0446063 -0.0083619 0.7849000 0.6179583
1658133052.194617 -11.5070477 -30.3361320 -5.5921969 -0.0292014 -0.0113532 0.7823836 0.6220082
1658133053.291126 -11.3684072 -30.9326553 -5.6088409 -0.0338790 -0.0125306 0.7856582 0.6176054
1658133054.391537 -11.2264252 -31.5343494 -5.6277022 -0.0215327 -0.0055763 0.7822292 0.6225935
1658133055.491714 -11.0894060 -32.1300392 -5.6438732 -0.0267509 -0.0092394 0.7797968 0.6253927
1658133056.592142 -10.9484415 -32.7337570 -5.6598868 -0.0323982 -0.0106902 0.7855359 0.6178750
1658133057.792455 -10.7904062 -33.3945427 -5.6781163 -0.0181929 -0.0121570 0.7862994 0.6174581
1658133058.792238 -10.6665182 -33.9373741 -5.6948724 -0.0303443 -0.0092559 0.7852955 0.6183079
1658133059.892408 -10.5295763 -34.5330620 -5.7136760 -0.0300551 -0.0078525 0.7835219 0.6205872
1658133060.993550 -10.3886557 -35.1329803 -5.7323732 -0.0258207 0.0063818 0.7827333 0.6217886
1658133062.094254 -10.2526751 -35.7359085 -5.7512722 -0.0261204 -0.0087681 0.7832776 0.6210613
1658133063.289786 -10.1074438 -36.3903999 -5.7723517 -0.0233247 -0.0146403 0.7886943 0.6141685
1658133064.390532 -9.9727783 -36.9928093 -5.7927246 -0.0302704 -0.0197700 0.7898272 0.6122628
1658133065.490844 -9.8356524 -37.5941658 -5.8140845 -0.0246477 -0.0268061 0.7867150 0.6162414
1658133066.591229 -9.6982651 -38.1949425 -5.8358188 -0.0205728 -0.0194384 0.7855868 0.6181038
1658133067.592071 -9.5715008 -38.7405357 -5.8547430 -0.0211183 -0.0204834 0.7845933 0.6193123
1658133068.792269 -9.4184265 -39.3980484 -5.8775740 -0.0117694 -0.0206794 0.7855664 0.6183197
1658133069.792088 -9.2954512 -39.9431610 -5.8968139 -0.0252993 -0.0285407 0.7826333 0.6213135
1658133070.892912 -9.1585655 -40.5390778 -5.9203367 -0.0223746 -0.0108148 0.7824106 0.6222669
1658133071.992409 -9.0194759 -41.1339531 -5.9409881 -0.0192046 -0.0128243 0.7876772 0.6156552
1658133073.192905 -8.8688831 -41.7804413 -5.9649000 -0.0244967 -0.0149016 0.7841294 0.6199346
1658133074.289465 -8.7379608 -42.3757629 -5.9856300 -0.0319706 -0.0272877 0.7845662 0.6186188
1658133075.491164 -8.5908556 -43.0285759 -6.0120873 -0.0374529 -0.0180448 0.7844748 0.6187657
1658133076.691662 -8.4359293 -43.6881332 -6.0372715 -0.0231413 -0.0200369 0.7865635 0.6167503
1658133077.791522 -8.2943230 -44.2857437 -6.0632281 -0.0263437 -0.0110789 0.7856201 0.6180488
1658133078.891882 -8.1537981 -44.8834534 -6.0874419 -0.0166706 -0.0102060 0.7842350 0.6201560
1658133079.993064 -8.0170279 -45.4840927 -6.1126947 -0.0224763 -0.0129542 0.7856780 0.6180915
1658133081.093194 -7.8775744 -46.0852127 -6.1384573 -0.0248172 -0.0054693 0.7854943 0.6183469
1658133082.289136 -7.7258892 -46.7358246 -6.1661458 -0.0231201 -0.0045902 0.7862921 0.6174051
1658133083.389874 -7.5868025 -47.3356323 -6.1902876 -0.0187354 -0.0062251 0.7861040 0.6177789
1658133084.491659 -7.4503698 -47.9361534 -6.2154093 -0.0213872 -0.0105880 0.7844558 0.6197254
1658133085.590194 -7.3163967 -48.5380974 -6.2415204 -0.0197027 -0.0188105 0.7845773 0.6194323
1658133086.793387 -7.1701598 -49.1928101 -6.2723651 -0.0223911 -0.0155351 0.7850436 0.6188408
1658133087.892504 -7.0333028 -49.7889023 -6.2989583 -0.0224982 -0.0126446 0.7845014 0.6195898
1658133088.994012 -6.8982086 -50.3882370 -6.3246636 -0.0232733 -0.0191198 0.7842789 0.6196769
1658133090.092458 -6.7644053 -50.9879951 -6.3527069 -0.0238668 -0.0215571 0.7851116 0.6185188
1658133091.194726 -6.6248817 -51.5866585 -6.3813238 -0.0162272 -0.0134396 0.7852368 0.6188369
1658133092.390768 -6.4758873 -52.2355995 -6.4135513 -0.0270459 -0.0152095 0.7838793 0.6201374
1658133093.492222 -6.3403497 -52.8317566 -6.4421639 -0.0240565 -0.0180945 0.7832850 0.6209337
1658133094.589652 -6.2067924 -53.4295654 -6.4707646 -0.0292135 -0.0246473 0.7818722 0.6222660
1658133095.691641 -6.0733228 -54.0229836 -6.5024781 -0.0367624 -0.0207358 0.7886704 0.6133658
1658133096.891782 -5.9230471 -54.6783562 -6.5343652 -0.0317560 -0.0295134 0.7851148 0.6178311
1658133097.991312 -5.7805533 -55.2817650 -6.5643153 -0.0120115 -0.0246951 0.7824078 0.6221606
1658133099.091741 -5.6409130 -55.8804588 -6.5963521 -0.0350699 -0.0158746 0.7832354 0.6205324
1658133100.192974 -5.4988589 -56.4843979 -6.6260209 -0.0219867 -0.0164777 0.7845364 0.6194738
1658133101.389557 -5.3471208 -57.1377792 -6.6588497 -0.0097094 -0.0211609 0.7849744 0.6190906
1658133102.589934 -5.2025394 -57.7831345 -6.6948652 -0.0355377 -0.0147150 0.7842725 0.6192231
1658133103.790883 -5.0572166 -58.4278374 -6.7306523 -0.0359634 -0.0188958 0.7841190 0.6192794
1658133104.991146 -4.9106717 -59.0739403 -6.7678943 -0.0448164 -0.0171280 0.7835228 0.6195079
1658133106.192573 -4.7605119 -59.7272034 -6.8029833 -0.0645680 -0.0353636 0.7841716 0.6161618
1658133107.389275 -4.5612140 -60.3680115 -6.8356214 -0.0900884 -0.0904063 0.8228822 0.5536929
1658133108.590865 -4.2220101 -60.9474945 -6.8620372 -0.0939546 -0.1233805 0.8821256 0.4447518
1658133109.890794 -3.6782138 -61.4448814 -6.8802819 -0.0814513 -0.1368423 0.9368674 0.3113188
1658133111.091527 -3.0584803 -61.7448540 -6.8843637 -0.0784287 -0.1448212 0.9691611 0.1833100
1658133112.287946 -2.3848214 -61.8652534 -6.8752193 -0.0661408 -0.1485043 0.9854505 0.0495896
1658133113.790586 -1.5348288 -61.7853584 -6.8539801 -0.0710783 -0.0974761 0.9895440 -0.0790501
1658133114.790624 -0.9789096 -61.6693115 -6.8307509 -0.0632368 -0.0835904 0.9906042 -0.0878475
1658133115.890548 -0.3781049 -61.5184097 -6.8036823 -0.0544211 -0.1512851 0.9763973 -0.1442205
1658133116.890512 0.1290394 -61.2903557 -6.7769446 -0.0422297 -0.1857474 0.9489103 -0.2515627
1658133117.789661 0.5186189 -60.9809380 -6.7529020 -0.0348688 -0.2079145 0.9051913 -0.3690318
1658133118.690315 0.8195367 -60.5771294 -6.7227721 -0.0232189 -0.1999122 0.8554369 -0.4772040
1658133119.790534 1.0436894 -59.9944916 -6.6814718 0.0064871 0.1955973 -0.7778130 0.5972491
1658133120.590126 1.0974649 -59.5393105 -6.6501179 -0.0035448 0.1809629 -0.7145156 0.6758012
1658133121.790130 1.0202299 -58.8532982 -6.6095400 0.0194867 0.1451046 -0.6312542 0.7616318
1658133122.892316 0.8555044 -58.2420235 -6.5763607 0.0598316 0.1133872 -0.6032137 0.7872082
1658133124.093817 0.6695200 -57.5826302 -6.5403752 0.0660583 0.1006067 -0.6021889 0.7892295
1658133125.287731 0.4964638 -56.9331703 -6.5045271 0.0738101 0.0946749 -0.6042019 0.7877365
1658133126.589417 0.3157564 -56.2276268 -6.4656501 0.0651696 0.0906348 -0.6047228 0.7885737
1658133127.890352 0.1420430 -55.5208473 -6.4289432 0.0677491 0.0862602 -0.6049254 0.7886916
1658133129.191244 -0.0272843 -54.8159637 -6.3922715 0.0672291 0.0911519 -0.6046495 0.7883975
1658133130.488040 -0.1961838 -54.1164360 -6.3535204 0.0653530 0.0841261 -0.6065975 0.7878397
1658133131.790253 -0.3617758 -53.4131279 -6.3185992 0.0650604 0.1012065 -0.6035494 0.7881957
1658133133.091367 -0.5226386 -52.7164955 -6.2790956 0.0681496 0.1127086 -0.6070097 0.7837038
1658133134.388330 -0.6873424 -52.0148926 -6.2431479 0.0629610 0.1008178 -0.6082857 0.7847676
1658133135.688876 -0.8575761 -51.3072853 -6.2067919 0.0587427 0.0972620 -0.6097431 0.7844123
1658133136.989711 -1.0303961 -50.5990219 -6.1756620 0.0702181 0.0920244 -0.6045666 0.7880991
1658133138.287226 -1.2060250 -49.9003029 -6.1436229 0.0791696 0.0901098 -0.6059038 0.7864433
1658133139.588697 -1.3784271 -49.1980400 -6.1083217 0.0790847 0.0947856 -0.6060102 0.7858199
1658133140.889560 -1.5481231 -48.4933510 -6.0758038 0.0789620 0.0922676 -0.6065872 0.7856867
1658133142.190464 -1.7135938 -47.7835999 -6.0419183 0.0663869 0.0946644 -0.6065143 0.7866206
1658133143.488395 -1.8806862 -47.0789833 -6.0069718 0.0690918 0.0922278 -0.6070450 0.7862676
1658133144.791600 -2.0481596 -46.3751907 -5.9746017 0.0718396 0.0973169 -0.6065795 0.7857670
1658133146.090232 -2.2109299 -45.6703491 -5.9429340 0.0647032 0.1080429 -0.6049811 0.7862176
1658133147.387252 -2.3782749 -44.9651375 -5.9080000 0.0778359 0.0922364 -0.6107710 0.7825553
1658133148.690731 -2.5470722 -44.2613068 -5.8768101 0.0698733 0.0990642 -0.6077396 0.7848291
1658133149.989087 -2.7161574 -43.5573578 -5.8457112 0.0662880 0.0974528 -0.6071084 0.7858297
1658133151.286599 -2.8851042 -42.8548012 -5.8115320 0.0544004 0.0878422 -0.6100738 0.7855789
1658133152.588116 -3.0534849 -42.1513596 -5.7882104 0.0541575 0.1024057 -0.6089743 0.7846848
1658133153.889606 -3.2193995 -41.4434128 -5.7571964 0.0453958 0.0911136 -0.6098965 0.7859159
1658133155.190669 -3.3932717 -40.7381821 -5.7268353 0.0590844 0.0867683 -0.6081438 0.7868554
1658133156.488007 -3.5648417 -40.0370750 -5.6978974 0.0593690 0.0808499 -0.6081879 0.7874301
1658133157.788817 -3.7356939 -39.3369255 -5.6707525 0.0651558 0.0896278 -0.6086631 0.7856531
1658133159.089860 -3.9012825 -38.6385231 -5.6451154 0.0675626 0.0887954 -0.6063008 0.7873690
1658133160.386705 -4.0670691 -37.9408035 -5.6195860 0.0699961 0.0891936 -0.6059383 0.7873905
1658133161.687576 -4.2331963 -37.2366867 -5.5940986 0.0623825 0.0887742 -0.6073349 0.7870018
1658133162.989536 -4.4017148 -36.5325661 -5.5686288 0.0687727 0.0884228 -0.6072381 0.7865835
1658133164.286063 -4.5695519 -35.8305283 -5.5449281 0.0684159 0.0841127 -0.6070687 0.7872178
1658133165.587014 -4.7403698 -35.1230469 -5.5195203 0.0645100 0.0812333 -0.6100784 0.7855214
1658133166.890183 -4.9091573 -34.4148865 -5.4964886 0.0644792 0.0757334 -0.6078900 0.7877669
1658133168.189508 -5.0731745 -33.7138748 -5.4727168 0.0668561 0.0811685 -0.6085480 0.7865185
1658133169.487268 -5.2348828 -33.0180779 -5.4493675 0.0654915 0.0816259 -0.6088862 0.7863241
1658133170.790293 -5.4025669 -32.3180313 -5.4273286 0.0640635 0.0826868 -0.6069384 0.7878354
1658133172.089208 -5.5663037 -31.6160545 -5.4049649 0.0608971 0.0794224 -0.6080805 0.7875416
1658133173.386130 -5.7294121 -30.9183693 -5.3819966 0.0601463 0.0849405 -0.6086651 0.7865713
1658133174.688519 -5.8956804 -30.2149792 -5.3589067 0.0563762 0.0812419 -0.6100854 0.7861408
1658133175.988898 -6.0657039 -29.5107574 -5.3370757 0.0615934 0.0826787 -0.6092099 0.7862785
1658133177.285372 -6.2312207 -28.8128471 -5.3158484 0.0554068 0.0756793 -0.6085305 0.7879679
1658133178.586665 -6.3978090 -28.1161060 -5.2983637 0.0584488 0.0745488 -0.6084788 0.7878957
1658133179.988049 -6.5787263 -27.3639526 -5.2795906 0.0606785 0.0753673 -0.6092964 0.7870170
1658133181.285448 -6.7452564 -26.6649876 -5.2610345 0.0534913 0.0699727 -0.6090319 0.7882403
1658133182.586964 -6.9114599 -25.9614754 -5.2438126 0.0556514 0.0684131 -0.6087654 0.7884334
1658133183.988359 -7.0896163 -25.2068310 -5.2253919 0.0553768 0.0700142 -0.6112487 0.7863882
1658133185.285086 -7.2547402 -24.5111694 -5.2096391 0.0554432 0.0716848 -0.6095324 0.7875644
1658133186.587072 -7.4205613 -23.8120766 -5.1947002 0.0533673 0.0686516 -0.6089159 0.7884544
1658133187.888291 -7.5863242 -23.1120300 -5.1800146 0.0542658 0.0716157 -0.6096208 0.7875842
1658133189.188895 -7.7494688 -22.4116650 -5.1645341 0.0521716 0.0746274 -0.6095254 0.7875199
1658133190.586236 -7.9281001 -21.6608505 -5.1485548 0.0506721 0.0757892 -0.6099507 0.7871775
1658133191.888240 -8.0984669 -20.9558811 -5.1312704 0.0506231 0.0685418 -0.6098366 0.7879332
1658133193.189061 -8.2662153 -20.2559128 -5.1178045 0.0524560 0.0667764 -0.6099439 0.7878819
1658133194.586352 -8.4432869 -19.5081100 -5.1053348 0.0566264 0.0685705 -0.6097433 0.7875942
1658133195.887300 -8.6077185 -18.8121986 -5.0943799 0.0539533 0.0711427 -0.6082005 0.7887458
1658133197.188169 -8.7715883 -18.1138268 -5.0802445 0.0498335 0.0655001 -0.6103752 0.7878252
1658133198.486362 -8.9328709 -17.4188671 -5.0700045 0.0507424 0.0695043 -0.6099795 0.7877306
1658133199.788068 -9.0967913 -16.7184811 -5.0603714 0.0503524 0.0671496 -0.6087366 0.7889203
1658133201.090662 -9.2640562 -16.0171833 -5.0508890 0.0612864 0.0719713 -0.6098526 0.7868569
1658133202.487548 -9.4446812 -15.2666597 -5.0381565 0.0550267 0.0614620 -0.6108538 0.7874339
1658133203.787292 -9.6123028 -14.5682650 -5.0287147 0.0556316 0.0669504 -0.6118662 0.7861568
1658133205.088591 -9.7739220 -13.8732061 -5.0164828 0.0556782 0.0677220 -0.6104183 0.7872123
1658133206.485615 -9.9511900 -13.1221590 -5.0071254 0.0518815 0.0569617 -0.6116062 0.7874018
1658133207.786400 -10.1154203 -12.4228096 -4.9994941 0.0548127 0.0642654 -0.6106724 0.7873657
1658133209.187633 -10.2933035 -11.6697750 -4.9929090 0.0553128 0.0640374 -0.6097623 0.7880543
1658133210.485896 -10.4552202 -10.9680815 -4.9872379 0.0481543 0.0637158 -0.6098020 0.7885195
1658133211.887547 -10.6319046 -10.2123909 -4.9803667 0.0473734 0.0547899 -0.6104101 0.7887670
1658133213.187704 -10.7993097 -9.5157156 -4.9742556 0.0510190 0.0628612 -0.6105450 0.7878326
1658133214.585217 -10.9750280 -8.7631121 -4.9694409 0.0571670 0.0523054 -0.6119053 0.7871264
1658133215.887057 -11.0980244 -8.0542917 -4.9677839 0.1177117 -0.0005636 -0.6592518 0.7426511
1658133217.283874 -11.0051060 -7.2907367 -4.9543839 0.1308256 -0.0767092 -0.7962422 0.5856608
1658133218.585342 -10.5818424 -6.7002182 -4.9346700 -0.1129206 0.0970381 0.9123016 -0.3814948
1658133219.986582 -9.8680754 -6.3509574 -4.9083920 -0.0719636 0.0898260 0.9828382 -0.1441586
1658133221.283964 -9.1245689 -6.3144240 -4.8806186 -0.0539988 0.0225550 0.9982849 -0.0016071
1658133223.283774 -8.0046663 -6.4380150 -4.8472581 -0.0505230 -0.0009093 0.9980615 0.0363302
1658133224.585721 -7.2987094 -6.5724630 -4.8295827 -0.0475256 0.0492528 0.9901641 0.1220267
1658133226.086662 -6.5400543 -6.9106412 -4.8122382 -0.0386056 0.0536165 0.9675234 0.2439946
1658133227.384888 -5.9664540 -7.3512425 -4.8018684 -0.0282187 0.0523513 0.9374808 0.3429180
1658133228.686629 -5.4970531 -7.9044600 -4.7963080 -0.0186524 0.0572538 0.8979364 0.4359866
1658133229.986470 -5.1556883 -8.5467854 -4.7954001 -0.0076907 0.0576167 0.8438383 0.5334400
1658133231.283705 -4.9456449 -9.2413034 -4.7983584 -0.0282150 0.0169820 0.7989601 0.6004817
1658133232.485472 -4.7987285 -9.8929520 -4.8031411 -0.0430100 -0.0005233 0.7931784 0.6074685
1658133233.786156 -4.6290703 -10.5896559 -4.8105922 -0.0435187 0.0028975 0.7925481 0.6082477
1658133234.986483 -4.4647951 -11.2300053 -4.8167877 -0.0415840 0.0030439 0.7936159 0.6069887
1658133236.283127 -4.2822132 -11.9232769 -4.8241920 -0.0351867 -0.0006012 0.7933454 0.6077538
1658133237.484109 -4.1145802 -12.5635595 -4.8310475 -0.0398550 -0.0000812 0.7937262 0.6069682
1658133238.786056 -3.9322228 -13.2575045 -4.8413615 -0.0411264 0.0001832 0.7933016 0.6074381
1658133240.089421 -3.7489734 -13.9519215 -4.8510451 -0.0367835 0.0000563 0.7936895 0.6072100
1658133241.384023 -3.5680130 -14.6459761 -4.8597865 -0.0308847 -0.0058587 0.7930073 0.6084006
1658133242.684887 -3.3875728 -15.3368940 -4.8712111 -0.0437357 -0.0002063 0.7921212 0.6087949
1658133243.985715 -3.2092564 -16.0271873 -4.8802080 -0.0511547 0.0005372 0.7927477 0.6073994
1658133245.282811 -3.0266337 -16.7178020 -4.8905063 -0.0433014 -0.0001082 0.7932186 0.6073955
1658133246.685001 -2.8280730 -17.4674778 -4.9018230 -0.0366490 -0.0068104 0.7943594 0.6063032
1658133247.986986 -2.6441307 -18.1594906 -4.9169278 -0.0425619 0.0003840 0.7948954 0.6052517
1658133249.282941 -2.4623826 -18.8493881 -4.9303842 -0.0440938 0.0035410 0.7925029 0.6082617
1658133250.584854 -2.2801168 -19.5435543 -4.9472384 -0.0372814 -0.0010636 0.7918019 0.6096382
1658133251.885626 -2.0984073 -20.2416878 -4.9624009 -0.0396215 -0.0034330 0.7928049 0.6081766
1658133253.188459 -1.9137672 -20.9401741 -4.9762244 -0.0414312 -0.0075615 0.7930047 0.6077580
1658133254.485199 -1.7319194 -21.6346951 -4.9884539 -0.0339769 -0.0154157 0.7936967 0.6071684
1658133255.784659 -1.5511454 -22.3276749 -5.0051527 -0.0391977 -0.0106662 0.7937174 0.6069286
1658133257.086401 -1.3703157 -23.0239410 -5.0202198 -0.0483359 -0.0066987 0.7962927 0.6029401
1658133258.383321 -1.1889890 -23.7155132 -5.0346403 -0.0389662 -0.0120768 0.7983882 0.6007596
1658133259.684720 -1.0055370 -24.4117050 -5.0486970 -0.0394565 -0.0082627 0.7918011 0.6094473
1658133260.985707 -0.8193939 -25.1094818 -5.0685816 -0.0361280 -0.0037706 0.7921916 0.6091905
1658133262.282143 -0.6330366 -25.8045826 -5.0846195 -0.0326130 -0.0046038 0.7949597 0.6057675
1658133263.584245 -0.4478898 -26.4971924 -5.1041121 -0.0343750 -0.0029507 0.7951132 0.6054789
1658133264.885126 -0.2645111 -27.1901131 -5.1231213 -0.0344494 -0.0041355 0.7941377 0.6067465
1658133266.185964 -0.0809097 -27.8861389 -5.1465101 -0.0402098 -0.0073571 0.7932830 0.6074792
1658133267.483112 0.1001748 -28.5812302 -5.1681952 -0.0328301 -0.0106728 0.7931412 0.6080586
1658133268.783667 0.2826351 -29.2766037 -5.1888223 -0.0350734 -0.0081198 0.7933438 0.6077085
1658133270.085620 0.4664881 -29.9731064 -5.2093554 -0.0365523 -0.0080614 0.7945701 0.6060175
1658133271.382874 0.6510309 -30.6728878 -5.2302313 -0.0269801 -0.0144802 0.7936662 0.6075824
1658133272.683558 0.8354337 -31.3696499 -5.2516413 -0.0401753 -0.0042944 0.7951111 0.6051164
1658133273.984593 1.0202981 -32.0651207 -5.2720947 -0.0367340 -0.0054521 0.7951075 0.6053305
1658133275.281454 1.2059257 -32.7576942 -5.2938700 -0.0331022 -0.0024148 0.7955210 0.6050164
1658133276.583493 1.3883725 -33.4615860 -5.3176656 -0.0284503 -0.0119465 0.7941998 0.6068728
1658133277.885477 1.5738662 -34.1579857 -5.3441052 -0.0313455 -0.0081060 0.7950729 0.6056491
1658133279.185275 1.7608243 -34.8528709 -5.3724537 -0.0331694 -0.0041099 0.7950812 0.6055813
1658133280.482335 1.9455925 -35.5494461 -5.3968506 -0.0313912 -0.0064645 0.7949423 0.6058378
1658133281.784929 2.1300189 -36.2503815 -5.4195952 -0.0262409 -0.0063318 0.7956929 0.6050985
1658133283.085107 2.3171022 -36.9471169 -5.4471135 -0.0293620 -0.0044613 0.7947892 0.6061584
1658133284.382161 2.5020063 -37.6435776 -5.4751167 -0.0286774 -0.0042273 0.7946114 0.6064261
1658133285.582620 2.6728928 -38.2890282 -5.4998093 -0.0258010 -0.0022602 0.7946760 0.6064810
1658133286.883919 2.8595691 -38.9894142 -5.5261331 -0.0220680 -0.0072551 0.7950975 0.6060365
1658133288.184400 3.0432935 -39.6860161 -5.5547438 -0.0282127 -0.0096798 0.7941530 0.6069855
1658133289.382169 3.2120543 -40.3281822 -5.5819836 -0.0308391 -0.0073724 0.7947026 0.6061702
1658133290.682941 3.3976803 -41.0262184 -5.6106935 -0.0289535 -0.0105469 0.7938551 0.6073257
1658133291.984034 3.5819023 -41.7267303 -5.6401386 -0.0308804 -0.0113074 0.7930436 0.6082766
1658133293.184450 3.7536614 -42.3694344 -5.6704602 -0.0301867 -0.0082260 0.7938491 0.6073095
1658133294.482430 3.9390323 -43.0667152 -5.7042241 -0.0313050 -0.0070508 0.7926278 0.6088608
1658133295.683235 4.1041827 -43.7174034 -5.7308717 -0.0329583 -0.0161317 0.7925730 0.6086719
1658133296.883655 4.2752848 -44.3686981 -5.7583709 -0.0311795 -0.0081077 0.7940132 0.6070462
1658133298.184868 4.4607158 -45.0685310 -5.7876773 -0.0353377 -0.0071524 0.7938274 0.6070734
1658133299.381224 4.6334591 -45.7143593 -5.8155403 -0.0330341 -0.0100379 0.7944661 0.6063262
1658133300.683523 4.8218384 -46.4189339 -5.8486180 -0.0324482 -0.0097758 0.7945324 0.6062754
1658133301.983968 5.0138006 -47.1224632 -5.8818321 -0.0210103 -0.0053794 0.7962011 0.6046433
1658133303.280412 5.1994119 -47.8246384 -5.9155622 -0.0282746 -0.0143146 0.7932858 0.6080241
1658133304.581878 5.3840423 -48.5271683 -5.9503236 -0.0249254 -0.0121926 0.7963495 0.6041999
1658133305.882880 5.5679855 -49.2258377 -5.9847856 -0.0300646 -0.0062097 0.7941023 0.6070083
1658133307.186561 5.7542081 -49.9286385 -6.0159163 -0.0235925 -0.0103306 0.7965659 0.6040028
1658133308.482260 5.9383154 -50.6264153 -6.0499072 -0.0267163 -0.0097754 0.7929471 0.6086260
1658133309.782523 6.1211777 -51.3270111 -6.0857344 -0.0264473 -0.0102202 0.7943767 0.6067634
1658133311.085437 6.3064384 -52.0273132 -6.1223569 -0.0329269 -0.0071997 0.7941058 0.6068443
1658133312.280354 6.4771309 -52.6738853 -6.1573586 -0.0254842 -0.0133880 0.7950522 0.6058575
1658133313.582780 6.6660333 -53.3727684 -6.1971498 -0.0241715 -0.0102229 0.7942142 0.6070707
1658133314.782751 6.8366923 -54.0235558 -6.2293973 -0.0242346 -0.0144030 0.7950150 0.6059343
1658133315.983230 7.0078092 -54.6720963 -6.2610202 -0.0330069 -0.0081480 0.7939333 0.6070536
1658133316.983079 7.1514497 -55.2139549 -6.2879901 -0.0230850 -0.0165099 0.7943634 0.6067794
1658133318.082897 7.3069153 -55.8051147 -6.3195820 -0.0256089 -0.0190755 0.7934167 0.6078406
1658133318.982819 7.4338069 -56.2879829 -6.3465400 -0.0314609 -0.0175368 0.7930996 0.6080260
1658133320.083976 7.5947943 -56.8819809 -6.3773685 -0.0501156 -0.0565857 0.8003477 0.5947521
1658133321.380999 7.8768067 -57.5475998 -6.4119034 -0.0746024 -0.1158517 0.8520920 0.5049280
1658133322.581525 8.3038282 -58.0648956 -6.4381218 -0.0810699 -0.1426890 0.9098195 0.3811770
1658133323.882615 8.9274683 -58.4602547 -6.4554367 -0.0710485 -0.1497332 0.9584542 0.2321587
1658133325.183427 9.6480627 -58.6498070 -6.4597788 -0.0584435 -0.1595474 0.9822345 0.0796518
1658133326.481394 10.3872881 -58.6181107 -6.4507256 -0.0464250 -0.1397903 0.9873618 -0.0584811
1658133327.781549 11.1024857 -58.4431801 -6.4341969 -0.0627984 -0.0799194 0.9873367 -0.1218010
1658133328.982251 11.7503405 -58.2525787 -6.4181099 -0.0528517 -0.1153347 0.9811476 -0.1457873
1658133330.083648 12.3154573 -58.0185509 -6.3979702 -0.0441612 -0.1673502 0.9566655 -0.2341682
1658133331.279529 12.8462439 -57.6166458 -6.3736701 -0.0289454 -0.1847630 0.9102042 -0.3695309
1658133332.279764 13.1796732 -57.1581154 -6.3455625 -0.0054245 -0.1788365 0.8552300 -0.4863843
1658133333.481072 13.4112740 -56.5147057 -6.3086123 -0.0067984 0.1715801 -0.7751879 0.6079455
1658133334.380382 13.4534264 -56.0000038 -6.2802444 -0.0102961 0.1607478 -0.7020467 0.6936746
1658133335.681518 13.3340588 -55.2640076 -6.2393174 0.0203503 0.1178965 -0.6179500 0.7770612
1658133336.580842 13.1840887 -54.7688866 -6.2138343 0.0543944 0.0801391 -0.5978099 0.7957653
1658133337.781345 12.9883957 -54.1199303 -6.1758046 0.0601410 0.0806235 -0.5992383 0.7942269
1658133338.882821 12.8255386 -53.5259323 -6.1417103 0.0565726 0.0802988 -0.6002390 0.7937661
1658133340.083314 12.6547995 -52.8778381 -6.1067948 0.0545298 0.0828695 -0.5989668 0.7946055
1658133341.279045 12.4883041 -52.2314644 -6.0725007 0.0499442 0.0836970 -0.5996913 0.7942737
1658133342.480028 12.3191538 -51.5855942 -6.0376596 0.0625512 0.0837511 -0.6018903 0.7917078
1658133343.681305 12.1486702 -50.9427681 -6.0019989 0.0632435 0.0856963 -0.6013839 0.7918293
1658133344.881987 11.9828768 -50.3011551 -5.9694557 0.0656360 0.0873282 -0.6006305 0.7920282
1658133345.982731 11.8315153 -49.7097282 -5.9416933 0.0711144 0.1049083 -0.6000794 0.7898365
1658133346.982046 11.6929007 -49.1690979 -5.9147420 0.0604910 0.0906411 -0.6021621 0.7909020
1658133347.881509 11.5699759 -48.6849327 -5.8906088 0.0620337 0.0902217 -0.6012346 0.7915357
1658133348.881302 11.4326982 -48.1480293 -5.8652921 0.0648471 0.0902218 -0.6006075 0.7917863
1658133350.182317 11.2496004 -47.4456100 -5.8317442 0.0616923 0.0872335 -0.6020765 0.7912574
1658133351.480177 11.0689077 -46.7406578 -5.7972012 0.0512555 0.0776949 -0.6019154 0.7931168
1658133352.681345 10.9032984 -46.0913734 -5.7671485 0.0570580 0.0845762 -0.6015099 0.7923239
1658133353.780948 10.7523766 -45.5029640 -5.7398109 0.0613865 0.0888435 -0.6014783 0.7915569
1658133354.981751 10.5866203 -44.8570595 -5.7136569 0.0597853 0.0798684 -0.6027917 0.7916368
1658133355.981378 10.4473400 -44.3166351 -5.6916933 0.0652704 0.0905650 -0.6009112 0.7914819
1658133356.981140 10.3092632 -43.7757149 -5.6663961 0.0652742 0.0799830 -0.6022187 0.7916278
1658133357.981951 10.1745415 -43.2402458 -5.6435618 0.0618920 0.0931928 -0.6027684 0.7900347
1658133358.881635 10.0539045 -42.7590675 -5.6209588 0.0578388 0.0911190 -0.6012509 0.7917382
1658133359.881416 9.9174166 -42.2205582 -5.5990753 0.0551482 0.0859167 -0.6020756 0.7918851
1658133360.783031 9.7910833 -41.7342453 -5.5826502 0.0573572 0.0815735 -0.6020609 0.7921986
1658133361.881759 9.6356096 -41.1366196 -5.5573177 0.0578209 0.0764122 -0.6024323 0.7923971
1658133362.983424 9.4830265 -40.5390930 -5.5317969 0.0538412 0.0758862 -0.6032786 0.7920842
1658133363.781105 9.3753662 -40.1073837 -5.5148301 0.0487002 0.0706851 -0.6033438 0.7928482
1658133364.579673 9.2674122 -39.6774216 -5.5000167 0.0537536 0.0732191 -0.6022519 0.7931218
1658133365.480286 9.1460676 -39.1951485 -5.4850292 0.0634536 0.0871916 -0.6015415 0.7915296
1658133366.378983 9.0225782 -38.7145958 -5.4633026 0.0604037 0.0762365 -0.6048126 0.7904056
1658133367.479060 8.8719234 -38.1213608 -5.4412370 0.0563444 0.0705378 -0.6053873 0.7907946
1658133368.379518 8.7491369 -37.6350975 -5.4241648 0.0590027 0.0768555 -0.6032373 0.7916544
1658133369.379256 8.6134386 -37.0957870 -5.4011884 0.0627712 0.0802749 -0.6036817 0.7906858
1658133370.278045 8.4901628 -36.6144371 -5.3818979 0.0588322 0.0744849 -0.6040345 0.7912857
1658133371.182085 8.3650312 -36.1272163 -5.3636093 0.0579081 0.0767765 -0.6041110 0.7910764
1658133372.081610 8.2421465 -35.6399422 -5.3457594 0.0547660 0.0717099 -0.6027990 0.7927747
1658133373.081321 8.1067839 -35.1012688 -5.3264399 0.0545755 0.0728977 -0.6036392 0.7920399
1658133373.980685 7.9856844 -34.6174622 -5.3110242 0.0564634 0.0777157 -0.6029630 0.7919645
1658133374.881111 7.8621941 -34.1333694 -5.2971783 0.0553658 0.0748178 -0.6025383 0.7926440
1658133375.981304 7.7129240 -33.5401344 -5.2821321 0.0670745 0.0877457 -0.6024497 0.7904783
1658133376.880712 7.5924959 -33.0546532 -5.2674150 0.0576816 0.0719380 -0.6035134 0.7920034
1658133377.780648 7.4712791 -32.5715942 -5.2544036 0.0563032 0.0783657 -0.6040394 0.7910911
1658133378.679573 7.3508854 -32.0870552 -5.2409453 0.0520802 0.0826029 -0.6045255 0.7905778
1658133379.578990 7.2314243 -31.6022282 -5.2261839 0.0495112 0.0828416 -0.6043649 0.7908406
1658133380.479443 7.1097884 -31.1184978 -5.2138467 0.0520933 0.0854937 -0.6037126 0.7908908
1658133381.481106 6.9776554 -30.5783615 -5.1991239 0.0365185 0.0850987 -0.6040036 0.7915834
1658133382.478959 6.8453984 -30.0406418 -5.1834464 0.0373450 0.0872976 -0.6058555 0.7898884
1658133383.378330 6.7204671 -29.5566711 -5.1730890 0.0520679 0.0839616 -0.6023194 0.7921179
1658133384.277839 6.5950971 -29.0712547 -5.1581721 0.0464084 0.0769556 -0.6045927 0.7914492
1658133385.378026 6.4448195 -28.4777660 -5.1447883 0.0465453 0.0829370 -0.6038494 0.7914044
1658133386.277405 6.3215423 -27.9898319 -5.1307855 0.0370746 0.0780695 -0.6028509 0.7931591
1658133387.277441 6.1887703 -27.4529495 -5.1183305 0.0432635 0.0854131 -0.6034157 0.7916580
1658133388.379174 6.0397520 -26.8648167 -5.1039958 0.0422787 0.0854171 -0.6044249 0.7909406
1658133389.279278 5.9168038 -26.3822136 -5.0927911 0.0448177 0.0871986 -0.6049227 0.7902255
1658133390.180989 5.7925224 -25.8957005 -5.0824513 0.0477601 0.0828021 -0.6050414 0.7904351
1658133391.180782 5.6527619 -25.3529587 -5.0726562 0.0494875 0.0806031 -0.6061602 0.7896986
1658133392.378621 5.4905953 -24.7039471 -5.0617976 0.0366376 0.0867548 -0.6024772 0.7925607
1658133393.276992 5.3705444 -24.2208233 -5.0537333 0.0435977 0.0734387 -0.5994383 0.7958516
1658133394.276954 5.2309756 -23.6795368 -5.0402536 0.0412121 0.0682839 -0.6054137 0.7919047
1658133395.276870 5.0913205 -23.1363068 -5.0269861 0.0395494 0.0618093 -0.6063592 0.7917979
1658133396.478168 4.9239278 -22.4859009 -5.0128746 0.0419609 0.0550858 -0.6069247 0.7917368
1658133397.377336 4.8011780 -22.0031948 -5.0031490 0.0433086 0.0650433 -0.6068611 0.7909573
1658133398.378144 4.6688843 -21.4668446 -4.9940491 0.0465730 0.0748867 -0.6052365 0.7911459
1658133399.377061 4.5371261 -20.9290314 -4.9869270 0.0385531 0.0696592 -0.6060099 0.7914627
1658133400.478287 4.3891997 -20.3362617 -4.9781775 0.0438464 0.0714798 -0.6057589 0.7912170
1658133401.678672 4.2251701 -19.6857948 -4.9696932 0.0305702 0.0580008 -0.6060082 0.7927518
1658133402.678640 4.0873346 -19.1472263 -4.9626799 0.0376481 0.0694883 -0.5989963 0.7968422
1658133403.778462 3.9374759 -18.5503330 -4.9512038 0.0380953 0.0720479 -0.6036646 0.7930617
1658133404.879678 3.7891138 -17.9569550 -4.9416852 0.0359487 0.0637686 -0.6087031 0.7900138
1658133405.979405 3.6404853 -17.3651104 -4.9360399 0.0454520 0.0712362 -0.6067839 0.7903624
1658133407.180526 3.4770947 -16.7215519 -4.9335551 0.0489255 0.0664080 -0.6071510 0.7902935
1658133408.276587 3.3304424 -16.1329632 -4.9250345 0.0401637 0.0588499 -0.6057348 0.7924702
1658133409.376977 3.1828663 -15.5412579 -4.9162793 0.0388493 0.0689219 -0.6059636 0.7915482
1658133410.578525 3.0268755 -14.8964882 -4.9085898 0.0392901 0.0794321 -0.6083235 0.7887264
1658133411.678639 2.8784602 -14.3033133 -4.9062014 0.0399072 0.0763146 -0.6053339 0.7912992
1658133412.778771 2.7286160 -13.7125864 -4.9017682 0.0434444 0.0751956 -0.6046761 0.7917228
1658133413.878931 2.5806015 -13.1205912 -4.8971195 0.0432935 0.0792705 -0.6048962 0.7911653
1658133415.079180 2.4179902 -12.4755392 -4.8928995 0.0482856 0.0782786 -0.6031714 0.7922911
1658133416.276743 2.2517250 -11.8277178 -4.8871031 0.0430826 0.0695079 -0.6052747 0.7918050
1658133417.578105 2.0715921 -11.1245499 -4.8835602 0.0497196 0.0728466 -0.6054331 0.7909943
1658133418.778487 1.9073993 -10.4752369 -4.8805780 0.0453298 0.0708742 -0.6058906 0.7910870
1658133419.778204 1.7724472 -9.9345789 -4.8804417 0.0435780 0.0765940 -0.6053273 0.7910835
1658133420.978776 1.6103061 -9.2795916 -4.8818893 0.0804417 0.0467137 -0.6144184 0.7834774
1658133422.078881 1.5225862 -8.6683378 -4.8788581 0.1126095 -0.0094707 -0.6731517 0.7308189
1658133423.180170 1.5978725 -8.0572147 -4.8741164 0.1338882 -0.0574715 -0.7753099 0.6145450
1658133424.376807 1.9278525 -7.4655924 -4.8616724 -0.1095743 0.0725168 0.8825526 -0.4514817
1658133425.275728 2.3204720 -7.1252813 -4.8486037 -0.0917442 0.0959514 0.9385824 -0.3184955
1658133426.079149 2.7419264 -6.9268684 -4.8371105 -0.0767661 0.0826102 0.9741278 -0.1958506
1658133427.179288 3.3717034 -6.8127031 -4.8191557 -0.0519492 0.0363875 0.9951994 -0.0745344
1658133428.376942 4.0566978 -6.8065734 -4.8030887 -0.0421785 -0.0220874 0.9985477 -0.0252092
1658133429.478803 4.6724691 -6.8264470 -4.7925963 -0.0483458 0.0271226 0.9984222 0.0089518
1658133430.577107 5.2765813 -6.9208536 -4.7826939 -0.0424315 0.0571075 0.9923873 0.1005276
1658133431.677316 5.8535628 -7.1377902 -4.7725549 -0.0250217 0.0693981 0.9757583 0.2060427
1658133432.777514 6.3656945 -7.4766560 -4.7653599 -0.0237744 0.0662556 0.9505449 0.3025051
1658133433.978056 6.8381877 -7.9616857 -4.7607007 -0.0114649 0.0737066 0.9102131 0.4073673
1658133435.179639 7.1867290 -8.5444899 -4.7582946 0.0000896 0.0755978 0.8568989 0.5099110
1658133436.179407 7.3749385 -9.0779142 -4.7597032 -0.0117215 0.0603918 0.8102437 0.5828555
1658133437.576813 7.5394406 -9.8461189 -4.7636843 -0.0435134 0.0120133 0.7872735 0.6149494
1658133438.877867 7.6912975 -10.5548153 -4.7679696 -0.0401650 0.0129118 0.7886849 0.6133484
1658133440.178398 7.8583245 -11.2573366 -4.7740846 -0.0344248 0.0198207 0.7879438 0.6144645
1658133441.476778 8.0264797 -11.9593525 -4.7810965 -0.0337681 0.0133001 0.7845127 0.6190498
1658133442.777526 8.1938763 -12.6586533 -4.7849998 -0.0461644 0.0162045 0.7874840 0.6143901
1658133444.078576 8.3608189 -13.3642168 -4.7899537 -0.0444321 0.0088120 0.7883171 0.6135994
1658133445.375846 8.5264387 -14.0668974 -4.7970695 -0.0439639 0.0094861 0.7870731 0.6152179
1658133446.677824 8.6943750 -14.7742386 -4.8057127 -0.0341075 -0.0007944 0.7860623 0.6172051
1658133447.978340 8.8635464 -15.4747782 -4.8189807 -0.0581015 0.0204331 0.7809895 0.6214998
1658133449.274800 9.0399075 -16.1794033 -4.8207183 -0.0313893 0.0054045 0.7906466 0.6114437
1658133450.576932 9.2122707 -16.8782654 -4.8334355 -0.0338156 0.0201152 0.7884314 0.6138631
1658133451.877141 9.3774548 -17.5786018 -4.8429952 -0.0335546 0.0055790 0.7890532 0.6133824
1658133453.178969 9.5411758 -18.2767200 -4.8574586 -0.0435821 0.0090398 0.7767481 0.6282367
1658133454.576325 9.7225571 -19.0362644 -4.8694215 -0.0314395 0.0099697 0.7915209 0.6102515
1658133455.977866 9.9087572 -19.7933884 -4.8839283 -0.0359932 0.0180346 0.7905907 0.6110201
1658133457.274602 10.0777874 -20.4954643 -4.9004889 -0.0325195 0.0109671 0.7918521 0.6097478
1658133458.576825 10.2467556 -21.1996346 -4.9144816 -0.0302200 0.0085511 0.7905897 0.6115403
1658133459.877473 10.4148712 -21.9038887 -4.9307742 -0.0326814 0.0059838 0.7880996 0.6146504
1658133461.079242 10.5689945 -22.5493126 -4.9508052 -0.0418142 0.0115278 0.7842391 0.6189408
1658133462.375127 10.7329531 -23.2471638 -4.9671202 -0.0460257 0.0035773 0.7864020 0.6159876
1658133463.675927 10.9045935 -23.9537811 -4.9851975 -0.0435228 0.0054706 0.7878665 0.6142819
1658133464.977944 11.0767183 -24.6601830 -4.9981141 -0.0331394 0.0051354 0.7857164 0.6176772
1658133465.877349 11.1940126 -25.1486435 -5.0092611 -0.0482567 0.0150647 0.7873033 0.6144899
1658133466.778791 11.3113937 -25.6384735 -5.0199823 -0.0368013 0.0031341 0.7874169 0.6153133
1658133467.877061 11.4542408 -26.2313271 -5.0379701 -0.0566807 0.0103862 0.7863109 0.6151379
1658133468.776457 11.5724506 -26.7193813 -5.0499721 -0.0410418 0.0091347 0.7879860 0.6142558
1658133469.675790 11.6919394 -27.2070789 -5.0633330 -0.0306438 0.0030474 0.7860106 0.6174455
1658133470.677176 11.8252420 -27.7443409 -5.0802298 -0.0317518 0.0114597 0.7877234 0.6151035
1658133471.576169 11.9449968 -28.2295742 -5.0969672 -0.0244485 0.0132006 0.7856129 0.6180942
1658133472.575054 12.0762672 -28.7687740 -5.1147618 -0.0310735 0.0107018 0.7877592 0.6151060
1658133473.374848 12.1785622 -29.2001934 -5.1307397 -0.0439294 0.0127739 0.7898926 0.6115364
1658133474.273839 12.2928782 -29.6890182 -5.1452737 -0.0311264 -0.0048183 0.7886629 0.6140186
1658133475.273719 12.4238882 -30.2338715 -5.1581430 -0.0222567 -0.0046595 0.7919162 0.6102062
1658133476.077046 12.5307102 -30.6693211 -5.1781902 -0.0383223 0.0084052 0.7909551 0.6106151
1658133476.976885 12.6473379 -31.1572933 -5.1980910 -0.0348254 -0.0004036 0.7865244 0.6165763
1658133477.877058 12.7681694 -31.6459503 -5.2137485 -0.0184487 -0.0030285 0.7868496 0.6168616
1658133478.776450 12.8848057 -32.1301613 -5.2311935 -0.0224982 -0.0035208 0.7888474 0.6141671
1658133479.775490 13.0124311 -32.6662369 -5.2539897 -0.0261037 -0.0007121 0.7875553 0.6156905
1658133480.675585 13.1292543 -33.1506729 -5.2723818 -0.0280842 0.0028278 0.7864118 0.6170574
1658133481.574855 13.2470207 -33.6380081 -5.2914858 -0.0192820 -0.0012184 0.7855978 0.6184358
1658133482.374277 13.3498526 -34.0677299 -5.3124957 -0.0272289 0.0002783 0.7868016 0.6166050
1658133483.273515 13.4710703 -34.5488968 -5.3316746 -0.0541284 -0.0326027 0.7948718 0.6034783
1658133484.177950 13.6374216 -35.0224266 -5.3494134 -0.0779405 -0.0790040 0.8292358 0.5477697
1658133485.077398 13.8905354 -35.4526520 -5.3667526 -0.0895222 -0.1165530 0.8772425 0.4569975
1658133485.976711 14.2470722 -35.8112488 -5.3804054 -0.0910857 -0.1323418 0.9231699 0.3492082
1658133486.775788 14.6382198 -36.0471992 -5.3868747 -0.0729492 -0.1486798 0.9556592 0.2434920
1658133487.574772 15.0738478 -36.1901436 -5.3904991 -0.0623816 -0.1596655 0.9754170 0.1384818
1658133488.373833 15.5316038 -36.2350616 -5.3908539 -0.0522294 -0.1565824 0.9859123 0.0270377
1658133489.374880 16.1015186 -36.1612206 -5.3836098 -0.0428527 -0.1368724 0.9856130 -0.0894229
1658133490.177623 16.5410175 -36.0273933 -5.3747921 -0.0549104 -0.0905053 0.9839063 -0.1439512
1658133491.078670 17.0207596 -35.8506393 -5.3622022 -0.0575485 -0.0645284 0.9818560 -0.1687688
1658133492.076835 17.5463924 -35.6521835 -5.3495927 -0.0532190 -0.0656466 0.9824794 -0.1661097
1658133493.077083 18.0620289 -35.4392090 -5.3338017 -0.0404434 -0.1236937 0.9695679 -0.2073699
1658133493.975694 18.4868927 -35.1796608 -5.3187213 -0.0230066 -0.1734140 0.9365025 -0.3039102
1658133494.875674 18.8310909 -34.8213272 -5.3012094 0.0003615 -0.1891822 0.8808940 -0.4338615
1658133495.574303 19.0156860 -34.4773293 -5.2844977 -0.0072309 0.1807617 -0.8267624 0.5326694
1658133496.275496 19.1209431 -34.0936813 -5.2651253 -0.0327589 0.1797374 -0.7626516 0.6204706
1658133496.976500 19.1351604 -33.6907349 -5.2473030 -0.0409972 0.1723236 -0.6866591 0.7050695
1658133497.674775 19.0589161 -33.2936325 -5.2280674 -0.0439539 0.1477856 -0.6101649 0.7771269
1658133498.373983 18.9085369 -32.9154053 -5.2112708 -0.0168477 0.1250579 -0.5482065 0.8267686
1658133499.077300 18.7096939 -32.5578232 -5.1975784 0.0126606 0.0963629 -0.5035994 0.8584530
1658133499.875587 18.4611435 -32.1665115 -5.1829276 0.0466873 0.0818875 -0.4901265 0.8665395
1658133500.774952 18.1849918 -31.7300529 -5.1640263 0.0402646 0.0740595 -0.4896464 0.8678366
1658133501.875232 17.8590508 -31.1900291 -5.1417518 0.0320648 0.0679112 -0.4886159 0.8692608
1658133503.177007 17.4942455 -30.5654640 -5.1176009 0.0389921 0.0829742 -0.4865632 0.8688217
1658133504.272660 17.1896000 -30.0422554 -5.0975256 0.0383855 0.0855795 -0.4866681 0.8685372
1658133505.272960 16.9105225 -29.5609112 -5.0775762 0.0335443 0.0824544 -0.4868647 0.8689297
1658133506.176475 16.6562576 -29.1233444 -5.0604582 0.0381293 0.0792248 -0.4883555 0.8682042
1658133506.875155 16.4589806 -28.7825489 -5.0491557 0.0329580 0.0766340 -0.4864510 0.8697163
1658133507.674242 16.2335892 -28.3951855 -5.0354700 0.0344729 0.0767872 -0.4871630 0.8692454
1658133508.474271 16.0080910 -28.0068703 -5.0220284 0.0333632 0.0697678 -0.4876566 0.8696036
1658133509.474530 15.7255526 -27.5202103 -5.0071530 0.0335997 0.0727765 -0.4894606 0.8683335
1658133510.373476 15.4680920 -27.0814571 -4.9910541 0.0400358 0.0558284 -0.4941575 0.8666537
1658133511.372809 15.1882010 -26.5962219 -4.9777141 0.0346085 0.0650207 -0.4911923 0.8679312
1658133512.774669 14.8014431 -25.9183235 -4.9593854 0.0369256 0.0814148 -0.4893575 0.8674891
1658133513.975144 14.4695406 -25.3402348 -4.9418945 0.0366479 0.0839552 -0.4893125 0.8672841
1658133514.975874 14.1883392 -24.8549004 -4.9277964 0.0322702 0.0706209 -0.4877114 0.8695453
1658133515.975826 13.9060230 -24.3708649 -4.9153767 0.0465235 0.0946683 -0.4872993 0.8668407
1658133516.975440 13.6201162 -23.8799648 -4.8922362 0.0371849 0.0619055 -0.4947762 0.8660147
1658133518.178052 13.2807293 -23.2997437 -4.8756452 0.0415415 0.0704490 -0.4918147 0.8668504
1658133519.076705 13.0312204 -22.8679810 -4.8658113 0.0444484 0.0781631 -0.4903043 0.8669006
1658133519.975014 12.7807598 -22.4335117 -4.8553014 0.0400586 0.0803174 -0.4907080 0.8666891
1658133520.775144 12.5603313 -22.0449944 -4.8465867 0.0446482 0.0760478 -0.4880636 0.8683416
1658133521.777064 12.2787342 -21.5589867 -4.8342509 0.0435199 0.0723085 -0.4912921 0.8668965
1658133522.574677 12.0574455 -21.1702423 -4.8254981 0.0404422 0.0815197 -0.4877834 0.8682086
1658133523.473659 11.8035383 -20.7303734 -4.8161125 0.0400552 0.0759943 -0.4885467 0.8682987
1658133524.372870 11.5506325 -20.2926350 -4.8063931 0.0402488 0.0732925 -0.4905291 0.8674039
1658133525.272175 11.2997169 -19.8549423 -4.7963772 0.0400043 0.0775773 -0.4902631 0.8671929
1658133526.274291 11.0191031 -19.3657303 -4.7850704 0.0371443 0.0750497 -0.4887052 0.8684210
1658133527.177761 10.7679625 -18.9255009 -4.7765012 0.0348600 0.0789263 -0.4883766 0.8683569
1658133528.176036 10.4882669 -18.4397278 -4.7666044 0.0356574 0.0747843 -0.4889091 0.8683915
1658133529.175832 10.2063417 -17.9513092 -4.7595320 0.0293426 0.0700816 -0.4861659 0.8705575
1658133530.272341 9.8974152 -17.4155865 -4.7500424 0.0266692 0.0677791 -0.4884863 0.8695262
1658133531.273329 9.6157885 -16.9274616 -4.7424779 0.0316788 0.0694028 -0.4880033 0.8695013
1658133532.175164 9.3613329 -16.4914131 -4.7382383 0.0377021 0.0724475 -0.4899178 0.8679346
1658133533.271461 9.0543146 -15.9631338 -4.7295685 0.0378913 0.0770160 -0.4898525 0.8675697
1658133534.372559 8.7484274 -15.4284830 -4.7151790 0.0327878 0.0804720 -0.4915705 0.8664916
1658133535.573133 8.4123240 -14.8468571 -4.7084842 0.0351125 0.0733661 -0.4935516 0.8659049
1658133536.573001 8.1316919 -14.3598413 -4.7029443 0.0321162 0.0722969 -0.4912749 0.8674046
1658133537.773712 7.7979040 -13.7770233 -4.6983871 0.0326464 0.0829933 -0.4903563 0.8669470
1658133538.773232 7.5141773 -13.2885227 -4.6937971 0.0321838 0.0785450 -0.4882709 0.8685542
1658133539.974768 7.1721044 -12.7051249 -4.6895189 0.0336193 0.0712526 -0.4895737 0.8683953
1658133540.974645 6.8882093 -12.2179728 -4.6861854 0.0381755 0.0751053 -0.4887252 0.8683602
1658133541.974430 6.6072283 -11.7299490 -4.6836929 0.0340334 0.0699354 -0.4882898 0.8692088
1658133542.974192 6.3270407 -11.2420683 -4.6812305 0.0321956 0.0736485 -0.4901393 0.8679302
1658133544.074128 6.0145111 -10.7079668 -4.6787157 0.0359767 0.0694141 -0.4894369 0.8685269
1658133545.271089 5.6781206 -10.1241961 -4.6737766 0.0324991 0.0710035 -0.4886203 0.8689951
1658133546.473057 5.3407178 -9.5372429 -4.6675911 0.0293076 0.0657588 -0.4893658 0.8691018
1658133547.672374 5.0022683 -8.9531908 -4.6619391 0.0315006 0.0674466 -0.4911091 0.8679116
1658133548.773879 4.6930118 -8.4177265 -4.6582880 0.0321703 0.0707973 -0.4893858 0.8685933
1658133549.973615 4.3559747 -7.8335643 -4.6542830 0.0321948 0.0677138 -0.4918107 0.8674679
1658133551.073773 4.0481515 -7.2971487 -4.6520753 0.0352031 0.0745435 -0.4908894 0.8673128
1658133552.273228 3.7122657 -6.7150102 -4.6511908 0.0247430 0.0715947 -0.4913714 0.8676498
1658133553.471909 3.3767154 -6.1304822 -4.6488972 0.0261050 0.0761757 -0.4914013 0.8672027
1658133554.672482 3.0361500 -5.5467253 -4.6509151 0.0284390 0.0700684 -0.4869055 0.8701751
1658133555.872963 2.6949320 -4.9654818 -4.6518593 0.0377987 0.0749004 -0.4849010 0.8705356
1658133556.975198 2.3841286 -4.4284387 -4.6491652 0.0306270 0.0800469 -0.4870202 0.8691754
1658133558.176404 2.0458214 -3.8464086 -4.6479402 0.0335038 0.0716661 -0.4896359 0.8683307
1658133559.372287 1.7078865 -3.2629967 -4.6521993 0.0319106 0.0708692 -0.4887056 0.8689799
1658133560.571812 1.3678284 -2.6802468 -4.6563635 0.0353974 0.0777994 -0.4878538 0.8687306
1658133561.772566 1.0306532 -2.0954866 -4.6564770 0.0300246 0.0750831 -0.4866375 0.8698534
1658133562.974150 0.6911826 -1.5113397 -4.6597042 0.0341806 0.0794335 -0.4893820 0.8677714
1658133564.173579 0.3535870 -0.9266933 -4.6612763 0.0308212 0.0766193 -0.4887929 0.8684821
1658133565.371148 0.0139900 -0.3393753 -4.6561446 -0.0101579 0.0025517 -0.4918030 0.8706435
1658133566.571537 -0.2552096 0.1238854 -4.6507015 -0.0680744 -0.1237065 -0.4680831 0.8723307
1658133567.671740 -0.3145666 1.1423978 -4.6472573 -0.0370019 -0.1080780 -0.4985047 0.8593271
1658133568.672618 -0.3327522 0.2894019 -4.6517134 -0.0417609 -0.0330326 -0.5137365 0.8562942
1658133569.574254 -0.3318802 0.2832505 -4.6567092 -0.0070129 0.0157601 -0.5134506 0.8579458
1658133581.074030 -0.3458411 0.2965568 -4.6600900 -0.0204664 -0.0231054 0.9798980 0.1970969
1658133583.671437 -0.1144369 0.1883252 -4.6576142 -0.0212437 -0.0205655 0.9771046 0.2106947
1658133587.072401 0.1096057 0.0913821 -4.6462388 0.0092403 -0.0099022 0.9779671 0.2083193
1658133589.771845 0.1491092 0.0842598 -4.6424727 -0.0088303 -0.0024740 0.2010583 0.9795364
1658133591.072653 0.1528362 0.0837122 -4.6462951 -0.0008080 0.0108491 -0.0252813 0.9996212
1658133592.369696 0.1534438 0.0832352 -4.5581608 -0.0122936 0.0236302 -0.0351044 0.9990286
1658133595.073282 0.1029949 0.0616253 -4.0455413 0.0348669 0.0072337 -0.0181222 0.9992015
1658133596.369700 0.1191063 0.0691210 -3.7715359 -0.0010467 0.0285910 -0.0136514 0.9994974
1658133597.670794 0.1264413 0.0636322 -3.4978144 -0.0125126 0.0217384 -0.0130663 0.9996000
1658133598.971687 0.1070818 0.0662980 -3.2236001 -0.0220055 0.0206846 -0.0174843 0.9993909
1658133600.369174 0.0954156 0.0704737 -2.9267776 -0.0425754 -0.0233640 -0.0092956 0.9987768
1658133601.771286 0.0826642 0.0600814 -2.6331367 0.0219614 -0.0096401 -0.0040502 0.9997041
1658133603.172506 0.0610715 0.0369926 -2.3343880 0.0515253 -0.0403594 -0.0189734 0.9976754
1658133604.670518 0.0761710 0.0478394 -2.0260572 -0.0283658 0.0611337 -0.0401791 0.9969171
1658133606.071623 0.0693626 0.0512953 -1.7335885 0.0017790 0.0102405 -0.0032182 0.9999408
1658133607.369513 0.0491456 0.0412737 -1.4777580 -0.0010790 -0.0362683 -0.0191696 0.9991577
1658133608.671422 0.0458126 0.0353400 -1.2630254 0.0024991 0.0055645 -0.0047750 0.9999700
1658133609.972036 0.0385253 0.0374388 -1.0697215 -0.0048610 -0.0203609 0.0004626 0.9997808
1658133611.368649 0.0368268 0.0442972 -0.8914743 -0.0305464 0.0222386 0.0024908 0.9992828
1658133612.670637 0.0305733 0.0340039 -0.7422190 -0.0015802 -0.0033737 -0.0091613 0.9999511
1658133614.071742 0.0359815 0.0311979 -0.6076196 0.0035301 0.0137837 -0.0161067 0.9997690
1658133615.469325 0.0254248 0.0293412 -0.4899473 0.0005355 0.0004916 -0.0136487 0.9999066
1658133616.970904 0.0141615 0.0297008 -0.3812678 -0.0024541 -0.0031204 -0.0094335 0.9999476
1658133618.771170 0.0148077 0.0112957 -0.2567055 -0.0047535 0.0027059 -0.0116673 0.9999170
